id,session_time_ms,race_time_ms,filename,soc,drive_torque,steer_angle,status,pos_z,pos_x,yaw,pos_y,error_code
39,0,0,frame_000039.jpg,1.0,0.0,-0.0,StartSequence,0.0,-0.7,-0.0,0.001934,999
40,55,0,frame_000040.jpg,1.0,0.0,-0.0,StartSequence,0.0,-0.7,-0.0,-6.5e-05,999
41,109,0,frame_000041.jpg,1.0,0.0,-0.0,StartSequence,3e-06,-0.700001,-0.0,4.4e-05,999
42,163,0,frame_000042.jpg,1.0,0.0,-0.0,StartSequence,4e-06,-0.700001,-0.0,0.000115,999
43,218,0,frame_000043.jpg,1.0,0.0,-0.0,StartSequence,4e-06,-0.700001,-0.0,0.000385,999
44,273,0,frame_000044.jpg,1.0,0.0,-0.0,StartSequence,4e-06,-0.700001,-0.0,0.000705,999
45,327,0,frame_000045.jpg,1.0,0.0,-0.0,StartSequence,4e-06,-0.700001,-0.0,0.001018,999
46,382,0,frame_000046.jpg,1.0,0.0,-0.0,StartSequence,4e-06,-0.700001,-0.0,0.001311,999
47,436,0,frame_000047.jpg,1.0,0.0,-0.0,StartSequence,3e-06,-0.700001,-0.0,0.00158,999
48,491,0,frame_000048.jpg,1.0,0.0,-0.0,StartSequence,3e-06,-0.700001,-0.0,0.001825,999
49,546,0,frame_000049.jpg,1.0,0.0,-0.0,StartSequence,3e-06,-0.700001,-0.0,0.00205,999
50,600,0,frame_000050.jpg,1.0,0.0,-0.0,StartSequence,3e-06,-0.700001,-0.0,0.002254,999
51,654,0,frame_000051.jpg,1.0,0.0,-0.0,StartSequence,3e-06,-0.700001,-0.0,0.002439,999
52,709,0,frame_000052.jpg,1.0,0.0,-0.0,StartSequence,2e-06,-0.700001,-0.0,0.002609,999
53,764,0,frame_000053.jpg,1.0,0.0,-0.0,StartSequence,2e-06,-0.7,-0.0,0.002763,999
54,818,0,frame_000054.jpg,1.0,0.0,-0.0,StartSequence,2e-06,-0.7,-0.0,0.002904,999
55,873,0,frame_000055.jpg,1.0,0.0,-0.0,StartSequence,2e-06,-0.7,-0.0,0.003032,999
56,927,0,frame_000056.jpg,1.0,0.0,-0.0,StartSequence,2e-06,-0.7,-0.0,0.003149,999
57,982,0,frame_000057.jpg,1.0,0.0,-0.0,StartSequence,2e-06,-0.7,-0.0,0.003256,999
58,1036,0,frame_000058.jpg,1.0,0.0,-0.0,StartSequence,1e-06,-0.7,-0.0,0.003353,999
59,1091,0,frame_000059.jpg,1.0,0.0,-0.0,StartSequence,1e-06,-0.7,-0.0,0.003441,999
60,1146,0,frame_000060.jpg,1.0,0.0,-0.0,StartSequence,1e-06,-0.699999,-0.0,0.003522,999
61,1200,0,frame_000061.jpg,1.0,0.0,-0.0,StartSequence,1e-06,-0.699999,-0.0,0.003595,999
62,1254,0,frame_000062.jpg,1.0,0.0,-0.0,StartSequence,1e-06,-0.699999,-0.0,0.003662,999
63,1309,0,frame_000063.jpg,1.0,0.0,-0.0,StartSequence,1e-06,-0.699999,-0.0,0.003724,999
64,1364,0,frame_000064.jpg,1.0,0.0,-0.0,StartSequence,1e-06,-0.699999,-0.0,0.003779,999
65,1418,0,frame_000065.jpg,1.0,0.0,-0.0,StartSequence,1e-06,-0.699999,-0.0,0.00383,999
66,1473,0,frame_000066.jpg,1.0,0.0,-0.0,StartSequence,1e-06,-0.699998,-0.0,0.003876,999
67,1527,0,frame_000067.jpg,1.0,0.0,-0.0,StartSequence,1e-06,-0.699998,-0.0,0.003918,999
68,1582,0,frame_000068.jpg,1.0,0.0,-0.0,StartSequence,1e-06,-0.699998,-0.0,0.003957,999
69,1636,0,frame_000069.jpg,1.0,0.0,-0.0,StartSequence,1e-06,-0.699998,-0.0,0.003992,999
70,1691,0,frame_000070.jpg,1.0,0.0,-0.0,StartSequence,1e-06,-0.699998,-0.0,0.004023,999
71,1745,0,frame_000071.jpg,1.0,0.0,-0.0,StartSequence,1e-06,-0.699998,-0.0,0.004053,999
72,1800,0,frame_000072.jpg,1.0,0.0,-0.0,StartSequence,1e-06,-0.699998,-0.0,0.004079,999
73,1854,0,frame_000073.jpg,1.0,0.0,-0.0,StartSequence,1e-06,-0.699998,-0.0,0.004103,999
74,1909,0,frame_000074.jpg,1.0,0.0,-0.0,StartSequence,0.0,-0.699998,-0.0,0.004125,999
75,1964,0,frame_000075.jpg,1.0,0.0,-0.0,StartSequence,0.0,-0.699998,-0.0,0.004145,999
76,2018,0,frame_000076.jpg,1.0,0.0,-0.0,StartSequence,0.0,-0.699998,-0.0,0.004164,999
77,2073,0,frame_000077.jpg,1.0,0.0,-0.0,StartSequence,0.0,-0.699998,-0.0,0.00418,999
78,2127,0,frame_000078.jpg,1.0,0.0,-0.0,StartSequence,0.0,-0.699998,-0.0,0.004195,999
79,2182,0,frame_000079.jpg,1.0,0.0,-0.0,StartSequence,0.0,-0.699998,-0.0,0.004209,999
80,2236,0,frame_000080.jpg,1.0,0.0,-0.0,StartSequence,0.0,-0.699998,-0.0,0.004222,999
81,2291,0,frame_000081.jpg,1.0,0.0,-0.0,StartSequence,0.0,-0.699998,-0.0,0.004233,999
82,2345,0,frame_000082.jpg,1.0,0.0,-0.0,StartSequence,0.0,-0.699998,-0.0,0.004244,999
83,2400,0,frame_000083.jpg,1.0,0.0,-0.0,StartSequence,0.0,-0.699998,-0.0,0.004253,999
84,2454,0,frame_000084.jpg,1.0,0.0,-0.0,StartSequence,0.0,-0.699998,-0.0,0.004262,999
85,2509,0,frame_000085.jpg,1.0,0.0,-0.0,StartSequence,0.0,-0.699998,-0.0,0.00427,999
86,2564,0,frame_000086.jpg,1.0,0.0,-0.0,StartSequence,0.0,-0.699998,-0.0,0.004277,999
87,2618,0,frame_000087.jpg,1.0,0.0,-0.0,StartSequence,0.0,-0.699998,-0.0,0.004284,999
88,2673,0,frame_000088.jpg,1.0,0.0,-0.0,StartSequence,0.0,-0.699998,-0.0,0.00429,999
89,2727,0,frame_000089.jpg,1.0,0.0,-0.0,StartSequence,0.0,-0.699998,-0.0,0.004295,999
90,2782,0,frame_000090.jpg,1.0,0.0,-0.0,StartSequence,0.0,-0.699998,-0.0,0.0043,999
91,2836,0,frame_000091.jpg,1.0,0.0,-0.0,StartSequence,0.0,-0.699998,-0.0,0.004305,999
92,2891,0,frame_000092.jpg,1.0,0.0,-0.0,StartSequence,0.0,-0.699998,-0.0,0.004309,999
93,2946,0,frame_000093.jpg,1.0,0.0,-0.0,StartSequence,0.0,-0.699998,-0.0,0.004313,999
94,3000,0,frame_000094.jpg,1.0,0.0,-0.0,StartSequence,0.0,-0.699998,-0.0,0.004316,999
95,3055,0,frame_000095.jpg,1.0,0.0,-0.0,StartSequence,0.0,-0.699998,-0.0,0.004319,999
96,3109,0,frame_000096.jpg,1.0,0.0,-0.0,StartSequence,0.0,-0.699998,-0.0,0.004322,999
97,3164,0,frame_000097.jpg,1.0,0.0,-0.0,StartSequence,0.0,-0.699998,-0.0,0.004325,999
98,3218,0,frame_000098.jpg,1.0,0.0,-0.0,StartSequence,0.0,-0.699998,-0.0,0.004327,999
99,3273,0,frame_000099.jpg,1.0,0.0,-0.0,StartSequence,0.0,-0.699998,-0.0,0.004329,999
100,3327,0,frame_000100.jpg,1.0,0.0,-0.0,StartSequence,0.0,-0.699998,-0.0,0.004331,999
101,3382,0,frame_000101.jpg,1.0,0.0,-0.0,StartSequence,0.0,-0.699998,-0.0,0.004333,999
102,3436,0,frame_000102.jpg,1.0,0.0,-0.0,StartSequence,0.0,-0.699998,-0.0,0.004335,999
103,3491,0,frame_000103.jpg,1.0,0.0,-0.0,StartSequence,0.0,-0.699998,-0.0,0.004336,999
104,3545,0,frame_000104.jpg,1.0,0.0,-0.0,StartSequence,0.0,-0.699998,-0.0,0.004338,999
105,3600,0,frame_000105.jpg,1.0,0.0,-0.0,StartSequence,0.0,-0.699998,-0.0,0.004339,999
106,3655,0,frame_000106.jpg,1.0,0.0,-0.0,StartSequence,0.0,-0.699998,-0.0,0.00434,999
107,3709,0,frame_000107.jpg,1.0,0.0,-0.0,StartSequence,0.0,-0.699998,-0.0,0.004341,999
108,3764,0,frame_000108.jpg,1.0,0.0,-0.0,StartSequence,0.0,-0.699998,-0.0,0.004342,999
109,3818,0,frame_000109.jpg,1.0,0.0,-0.0,StartSequence,0.0,-0.699998,-0.0,0.004343,999
110,3873,0,frame_000110.jpg,1.0,0.0,-0.0,StartSequence,0.0,-0.699998,-0.0,0.004343,999
111,3927,0,frame_000111.jpg,1.0,0.0,-0.0,StartSequence,0.0,-0.699998,-0.0,0.004344,999
112,3982,0,frame_000112.jpg,1.0,0.0,-0.0,StartSequence,0.0,-0.699998,-0.0,0.004345,999
113,4036,42,frame_000113.jpg,1.0,0.0,-0.0,Lap0,0.0,-0.699998,-0.0,0.004345,999
114,4091,97,frame_000114.jpg,1.0,0.0,-0.0,Lap0,0.0,-0.699998,-0.0,0.004346,999
115,4146,152,frame_000115.jpg,1.0,0.442,-0.123,Lap0,0.0083,-0.699794,-0.046,0.004346,999
116,4200,206,frame_000116.jpg,1.0,0.565,-0.176,Lap0,0.031979,-0.698603,-0.48,0.004347,999
117,4254,261,frame_000117.jpg,1.0,0.595,-0.186,Lap0,0.064759,-0.696139,-1.483,0.004347,999
118,4309,315,frame_000118.jpg,1.0,0.603,-0.189,Lap0,0.102726,-0.692312,-2.943,0.004347,999
119,4364,370,frame_000119.jpg,1.0,0.6,-0.215,Lap0,0.14309,-0.686931,-4.723,0.004347,999
120,4418,424,frame_000120.jpg,1.0,0.6,-0.215,Lap0,0.184447,-0.67969,-6.828,0.004346,999
121,4473,479,frame_000121.jpg,1.0,0.607,-0.211,Lap0,0.225689,-0.670936,-9.052,0.004346,999
122,4527,533,frame_000122.jpg,1.0,0.613,-0.204,Lap0,0.266954,-0.660506,-11.33,0.004345,999
123,4582,588,frame_000123.jpg,1.0,0.613,-0.204,Lap0,0.308288,-0.648377,-13.607,0.004344,999
124,4636,642,frame_000124.jpg,1.0,0.526,0.213,Lap0,0.349316,-0.638126,-14.985,0.004343,999
125,4691,697,frame_000125.jpg,0.999,0.408,0.318,Lap0,0.388,-0.631298,-14.078,0.004342,999
126,4745,751,frame_000126.jpg,0.999,0.403,0.322,Lap0,0.422262,-0.627684,-11.788,0.00434,999
127,4800,806,frame_000127.jpg,0.999,0.366,0.321,Lap0,0.453207,-0.62567,-9.058,0.004739,999
128,4855,861,frame_000128.jpg,0.999,0.366,0.321,Lap0,0.482151,-0.624963,-6.385,0.005138,999
129,4909,915,frame_000129.jpg,0.999,0.584,0.172,Lap0,0.514731,-0.623915,-4.158,0.005052,999
130,4964,970,frame_000130.jpg,0.999,0.664,-0.002,Lap0,0.553803,-0.622899,-2.496,0.005611,999
131,5018,1024,frame_000131.jpg,0.999,0.664,-0.002,Lap0,0.599109,-0.621326,-1.636,0.00494,999
132,5073,1079,frame_000132.jpg,0.999,0.444,-0.406,Lap0,0.646661,-0.619737,-1.4,0.005447,999
133,5127,1133,frame_000133.jpg,0.999,0.381,-0.519,Lap0,0.686709,-0.613938,-2.846,0.004456,999
134,5182,1188,frame_000134.jpg,0.999,0.378,-0.524,Lap0,0.71759,-0.60567,-6.159,0.004434,999
135,5236,1242,frame_000135.jpg,0.999,0.358,-0.524,Lap0,0.744063,-0.59674,-9.957,0.004491,999
136,5291,1297,frame_000136.jpg,0.999,0.108,0.365,Lap0,0.76741,-0.590337,-12.872,0.004883,999
137,5345,1351,frame_000137.jpg,0.999,0.108,0.365,Lap0,0.78258,-0.58914,-12.728,0.004363,999
138,5400,1406,frame_000138.jpg,0.999,0.032,0.524,Lap0,0.792738,-0.58874,-11.637,0.004184,999
139,5454,1461,frame_000139.jpg,0.999,0.011,0.524,Lap0,0.799287,-0.588729,-10.375,0.004257,999
140,5509,1515,frame_000140.jpg,0.999,0.01,0.524,Lap0,0.80775,-0.588318,-9.364,0.004364,999
141,5564,1570,frame_000141.jpg,0.999,0.384,0.378,Lap0,0.80953,-0.58898,-8.499,0.004402,999
142,5618,1624,frame_000142.jpg,0.999,0.482,0.327,Lap0,0.825197,-0.588062,-7.707,0.004466,999
143,5673,1679,frame_000143.jpg,0.999,0.506,0.314,Lap0,0.850901,-0.587507,-6.145,0.004613,999
144,5727,1733,frame_000144.jpg,0.999,0.397,0.516,Lap0,0.882434,-0.588501,-3.813,0.004891,999
145,5782,1788,frame_000145.jpg,0.999,0.585,0.213,Lap0,0.911852,-0.592491,-0.342,0.004793,999
146,5836,1842,frame_000146.jpg,0.999,0.632,0.137,Lap0,0.946498,-0.59503,2.403,0.004845,999
147,5891,1897,frame_000147.jpg,0.999,0.615,-0.108,Lap0,0.988421,-0.597898,4.049,0.005423,999
148,5945,1952,frame_000148.jpg,0.999,0.429,-0.437,Lap0,1.032993,-0.600049,4.268,0.005935,999
149,6000,2006,frame_000149.jpg,0.999,0.429,-0.438,Lap0,1.07245,-0.598229,2.699,0.004708,999
150,6054,2061,frame_000150.jpg,0.999,0.498,-0.365,Lap0,1.105884,-0.594431,-0.171,0.004117,999
151,6109,2115,frame_000151.jpg,0.999,0.538,-0.313,Lap0,1.140148,-0.589507,-3.217,0.004832,999
152,6164,2170,frame_000152.jpg,0.999,0.538,-0.313,Lap0,1.176738,-0.58294,-6.105,0.004656,999
153,6218,2224,frame_000153.jpg,0.999,0.406,-0.42,Lap0,1.211779,-0.573842,-9.151,0.004964,999
154,6273,2279,frame_000154.jpg,0.999,0.509,-0.332,Lap0,1.242896,-0.563525,-12.476,0.004914,999
155,6327,2333,frame_000155.jpg,0.999,0.51,-0.331,Lap0,1.27476,-0.552044,-15.49,0.005169,999
156,6382,2388,frame_000156.jpg,0.998,0.607,-0.205,Lap0,1.308343,-0.538511,-18.294,0.004703,999
157,6436,2442,frame_000157.jpg,0.998,0.434,0.206,Lap0,1.345371,-0.522955,-20.55,0.004951,999
158,6491,2497,frame_000158.jpg,0.998,0.427,0.223,Lap0,1.38284,-0.509795,-21.464,0.005164,999
159,6545,2551,frame_000159.jpg,0.998,0.474,0.335,Lap0,1.416097,-0.499933,-20.679,0.004444,999
160,6600,2606,frame_000160.jpg,0.998,0.474,0.335,Lap0,1.448868,-0.492153,-18.651,0.005084,999
161,6654,2660,frame_000161.jpg,0.998,0.619,0.172,Lap0,1.48524,-0.482864,-16.559,0.004875,999
162,6709,2715,frame_000162.jpg,0.998,0.681,0.007,Lap0,1.527148,-0.472482,-14.809,0.005668,999
163,6764,2770,frame_000163.jpg,0.998,0.458,-0.379,Lap0,1.57349,-0.460826,-13.798,0.004641,999
164,6818,2824,frame_000164.jpg,0.998,0.449,-0.395,Lap0,1.612932,-0.446215,-14.812,0.005356,999
165,6873,2879,frame_000165.jpg,0.998,0.38,-0.524,Lap0,1.645763,-0.431973,-17.344,0.00455,999
166,6927,2933,frame_000166.jpg,0.998,0.36,-0.524,Lap0,1.672121,-0.417031,-20.904,0.004364,999
167,6982,2988,frame_000167.jpg,0.998,0.359,-0.524,Lap0,1.694761,-0.402118,-24.701,0.004858,999
168,7036,3042,frame_000168.jpg,0.998,0.108,-0.524,Lap0,1.714895,-0.386943,-28.34,0.004466,999
169,7091,3097,frame_000169.jpg,0.998,0.108,-0.524,Lap0,1.727152,-0.375551,-31.626,0.004345,999
170,7145,3152,frame_000170.jpg,0.998,0.032,-0.524,Lap0,1.734007,-0.3682,-34.12,0.004469,999
171,7200,3206,frame_000171.jpg,0.998,0.01,-0.524,Lap0,1.73699,-0.364267,-36.01,0.004614,999
172,7254,3260,frame_000172.jpg,0.998,0.2,-0.524,Lap0,1.735225,-0.365806,-36.652,0.004812,999
173,7309,3315,frame_000173.jpg,0.998,0.248,-0.524,Lap0,1.737269,-0.363772,-35.751,0.005048,999
174,7363,3370,frame_000174.jpg,0.998,0.319,-0.524,Lap0,1.747086,-0.355192,-36.172,0.005133,999
175,7418,3424,frame_000175.jpg,0.998,0.319,-0.524,Lap0,1.759156,-0.342428,-37.775,0.004993,999
176,7473,3479,frame_000176.jpg,0.998,0.341,-0.524,Lap0,1.772551,-0.327052,-40.071,0.004774,999
177,7527,3533,frame_000177.jpg,0.998,0.102,-0.524,Lap0,1.786286,-0.309754,-42.782,0.004587,999
178,7582,3588,frame_000178.jpg,0.998,0.102,-0.524,Lap0,1.795016,-0.296357,-45.611,0.004413,999
179,7636,3642,frame_000179.jpg,0.998,0.031,-0.524,Lap0,1.799916,-0.287741,-47.889,0.004408,999
180,7691,3697,frame_000180.jpg,0.998,0.009,-0.524,Lap0,1.80243,-0.282916,-49.402,0.004536,999
181,7745,3751,frame_000181.jpg,0.998,0.009,-0.524,Lap0,1.807973,-0.2749,-49.757,0.004735,999
182,7800,3806,frame_000182.jpg,0.998,0.248,-0.524,Lap0,1.811534,-0.268657,-50.329,0.004747,999
183,7855,3861,frame_000183.jpg,0.998,0.316,-0.524,Lap0,1.814318,-0.263582,-51.506,0.004736,999
184,7909,3915,frame_000184.jpg,0.998,0.319,-0.524,Lap0,1.822487,-0.249686,-52.722,0.004825,999
185,7963,3970,frame_000185.jpg,0.998,0.341,-0.491,Lap0,1.8312,-0.232234,-54.759,0.004706,999
186,8018,4024,frame_000186.jpg,0.998,0.474,-0.377,Lap0,1.840711,-0.211951,-57.206,0.004487,999
187,8073,4079,frame_000187.jpg,0.998,0.475,-0.376,Lap0,1.852648,-0.186446,-59.662,0.005095,999
188,8127,4133,frame_000188.jpg,0.998,0.584,-0.238,Lap0,1.867204,-0.155216,-61.908,0.004778,999
189,8182,4188,frame_000189.jpg,0.998,0.639,-0.162,Lap0,1.883461,-0.118417,-63.861,0.005137,999
190,8236,4242,frame_000190.jpg,0.998,0.639,-0.162,Lap0,1.892873,-0.102842,-65.1,0.00489,999
191,8291,4297,frame_000191.jpg,0.998,0.664,-0.127,Lap0,1.893605,-0.119215,-64.738,0.005896,999
192,8345,4352,frame_000192.jpg,0.997,0.444,-0.444,Lap0,1.897188,-0.136035,-62.795,0.007061,999
193,8400,4406,frame_000193.jpg,0.997,0.594,-0.226,Lap0,1.9061,-0.123019,-60.456,0.005127,999
194,8454,4460,frame_000194.jpg,0.997,0.632,-0.172,Lap0,1.918302,-0.10302,-59.803,0.004299,999
195,8509,4515,frame_000195.jpg,0.997,0.435,-0.398,Lap0,1.930187,-0.112719,-60.38,0.005343,999
196,8564,4570,frame_000196.jpg,0.997,0.435,-0.398,Lap0,1.946158,-0.127722,-60.175,0.006555,999
197,8618,4624,frame_000197.jpg,0.997,0.375,-0.513,Lap0,1.957837,-0.117206,-58.203,0.005414,999
198,8673,4679,frame_000198.jpg,0.997,0.441,-0.448,Lap0,1.966265,-0.098858,-57.918,0.004147,999
199,8727,4733,frame_000199.jpg,0.997,0.441,-0.448,Lap0,1.992557,-0.096753,-59.58,0.004311,999
200,8782,4788,frame_000200.jpg,0.997,0.377,-0.524,Lap0,2.007806,-0.085397,-60.232,0.00558,999
201,8836,4842,frame_000201.jpg,0.997,0.358,-0.524,Lap0,2.016204,-0.064395,-61.351,0.005388,999
202,8891,4897,frame_000202.jpg,0.997,0.353,-0.524,Lap0,2.023843,-0.041594,-63.372,0.00456,999
203,8946,4952,frame_000203.jpg,0.997,0.352,-0.524,Lap0,2.029654,-0.018805,-66.183,0.004442,999
204,9000,5006,frame_000204.jpg,0.997,0.106,-0.524,Lap0,2.034063,0.003653,-69.378,0.004323,999
205,9054,5061,frame_000205.jpg,0.997,0.106,-0.524,Lap0,2.035712,0.019288,-72.458,0.004308,999
206,9109,5115,frame_000206.jpg,0.997,0.032,-0.524,Lap0,2.03608,0.028643,-74.806,0.004301,999
207,9164,5170,frame_000207.jpg,0.997,0.01,-0.524,Lap0,2.036992,0.036338,-76.605,0.00436,999
208,9218,5224,frame_000208.jpg,0.997,0.01,-0.524,Lap0,2.036939,0.042103,-78.218,0.004459,999
209,9273,5279,frame_000209.jpg,0.997,0.248,-0.524,Lap0,2.036926,0.04678,-79.382,0.004551,999
210,9327,5333,frame_000210.jpg,0.997,0.305,-0.524,Lap0,2.03738,0.049984,-80.146,0.004649,999
211,9382,5388,frame_000211.jpg,0.997,0.319,-0.524,Lap0,2.037107,0.063988,-81.263,0.004749,999
212,9436,5442,frame_000212.jpg,0.997,0.341,-0.524,Lap0,2.036273,0.082589,-83.312,0.004696,999
213,9491,5497,frame_000213.jpg,0.997,0.341,-0.524,Lap0,2.034416,0.103807,-85.962,0.004524,999
214,9545,5551,frame_000214.jpg,0.997,0.102,-0.524,Lap0,2.031382,0.122587,-88.919,0.00433,999
215,9600,5606,frame_000215.jpg,0.997,0.031,-0.524,Lap0,2.02862,0.13418,-91.484,0.004225,999
216,9654,5660,frame_000216.jpg,0.997,0.031,-0.524,Lap0,2.026669,0.140099,-93.437,0.004221,999
217,9709,5715,frame_000217.jpg,0.997,0.009,-0.524,Lap0,2.025347,0.143332,-95.652,0.0042,999
218,9764,5770,frame_000218.jpg,0.997,0.248,-0.524,Lap0,2.024537,0.149449,-96.699,0.004155,999
219,9818,5824,frame_000219.jpg,0.997,0.305,-0.524,Lap0,2.023354,0.151356,-97.447,0.004156,999
220,9873,5879,frame_000220.jpg,0.997,0.319,-0.524,Lap0,2.018548,0.165579,-98.758,0.004167,999
221,9927,5933,frame_000221.jpg,0.997,0.341,-0.524,Lap0,2.011795,0.183275,-100.986,0.00418,999
222,9982,5988,frame_000222.jpg,0.997,0.341,-0.524,Lap0,2.003379,0.202634,-103.75,0.004303,999
223,10036,6042,frame_000223.jpg,0.997,0.102,-0.492,Lap0,1.994455,0.220419,-106.759,0.004739,999
224,10091,6097,frame_000224.jpg,0.997,0.034,-0.522,Lap0,1.987891,0.23164,-109.372,0.004817,999
225,10145,6152,frame_000225.jpg,0.997,0.031,-0.524,Lap0,1.983424,0.238148,-111.228,0.004739,999
226,10200,6206,frame_000226.jpg,0.997,0.009,-0.524,Lap0,1.981584,0.241341,-111.745,0.00442,999
227,10254,6260,frame_000227.jpg,0.997,0.145,-0.524,Lap0,1.979552,0.244606,-111.653,0.004284,999
228,10309,6315,frame_000228.jpg,0.997,0.179,-0.524,Lap0,1.979095,0.243939,-111.889,0.004253,999
229,10364,6370,frame_000229.jpg,0.997,0.212,-0.524,Lap0,1.97454,0.253141,-112.505,0.00425,999
230,10418,6424,frame_000230.jpg,0.997,0.212,-0.524,Lap0,1.971786,0.256825,-113.121,0.004256,999
231,10473,6479,frame_000231.jpg,0.997,0.207,-0.524,Lap0,1.964328,0.267268,-114.568,0.004263,999
232,10527,6533,frame_000232.jpg,0.997,0.191,-0.524,Lap0,1.956228,0.277936,-116.443,0.004269,999
233,10582,6588,frame_000233.jpg,0.997,0.191,-0.524,Lap0,1.947774,0.288214,-118.466,0.004276,999
234,10636,6642,frame_000234.jpg,0.997,0.173,-0.487,Lap0,1.939197,0.298087,-120.476,0.004281,999
235,10691,6697,frame_000235.jpg,0.997,0.156,-0.438,Lap0,1.930739,0.307309,-122.369,0.004287,999
236,10745,6751,frame_000236.jpg,0.997,0.156,-0.438,Lap0,1.922625,0.315926,-124.073,0.004292,999
237,10800,6806,frame_000237.jpg,0.997,0.141,-0.394,Lap0,1.914771,0.323988,-125.61,0.004296,999
238,10854,6860,frame_000238.jpg,0.997,0.287,-0.524,Lap0,1.906959,0.331639,-127.009,0.0043,999
239,10909,6915,frame_000239.jpg,0.997,0.287,-0.524,Lap0,1.895753,0.341506,-128.739,0.004321,999
240,10963,6970,frame_000240.jpg,0.997,0.331,-0.524,Lap0,1.881878,0.352878,-131.007,0.004645,999
241,11018,7024,frame_000241.jpg,0.997,0.344,-0.524,Lap0,1.865325,0.365471,-133.669,0.004936,999
242,11073,7079,frame_000242.jpg,0.997,0.344,-0.524,Lap0,1.846656,0.37862,-136.594,0.005102,999
243,11127,7133,frame_000243.jpg,0.997,0.103,-0.524,Lap0,1.827626,0.390415,-139.678,0.004752,999
244,11182,7188,frame_000244.jpg,0.997,0.031,-0.524,Lap0,1.815292,0.396388,-142.473,0.004522,999
245,11236,7242,frame_000245.jpg,0.997,0.031,-0.524,Lap0,1.808642,0.399145,-144.529,0.004114,999
246,11291,7297,frame_000246.jpg,0.997,0.009,-0.524,Lap0,1.802618,0.401861,-145.567,0.003966,999
247,11345,7351,frame_000247.jpg,0.997,0.246,-0.524,Lap0,1.80057,0.402363,-147.104,0.003952,999
248,11400,7406,frame_000248.jpg,0.997,0.248,-0.524,Lap0,1.797878,0.403738,-147.736,0.003974,999
249,11454,7460,frame_000249.jpg,0.996,0.319,-0.524,Lap0,1.786191,0.408684,-148.478,0.004002,999
250,11509,7515,frame_000250.jpg,0.996,0.341,-0.524,Lap0,1.768861,0.414835,-150.495,0.004031,999
251,11564,7570,frame_000251.jpg,0.996,0.341,-0.524,Lap0,1.74875,0.420963,-153.189,0.004057,999
252,11618,7624,frame_000252.jpg,0.996,0.102,-0.524,Lap0,1.729476,0.425472,-156.187,0.004384,999
253,11673,7679,frame_000253.jpg,0.996,0.032,-0.524,Lap0,1.716917,0.427415,-158.88,0.004479,999
254,11727,7733,frame_000254.jpg,0.996,0.031,-0.524,Lap0,1.709522,0.428122,-160.843,0.004473,999
255,11782,7788,frame_000255.jpg,0.996,0.009,-0.524,Lap0,1.705419,0.428491,-161.656,0.004542,999
256,11836,7842,frame_000256.jpg,0.996,0.238,-0.504,Lap0,1.695365,0.430486,-163.039,0.004651,999
257,11891,7897,frame_000257.jpg,0.996,0.248,-0.503,Lap0,1.686473,0.431981,-164.507,0.00469,999
258,11945,7951,frame_000258.jpg,0.996,0.319,-0.462,Lap0,1.677508,0.43296,-165.192,0.004703,999
259,12000,8006,frame_000259.jpg,0.996,0.34,-0.409,Lap0,1.659197,0.434521,-166.811,0.004687,999
260,12054,8060,frame_000260.jpg,0.996,0.341,-0.407,Lap0,1.637943,0.435931,-168.879,0.004629,999
261,12109,8115,frame_000261.jpg,0.996,0.102,-0.365,Lap0,1.616406,0.43659,-171.168,0.004733,999
262,12164,8170,frame_000262.jpg,0.996,0.045,0.279,Lap0,1.602159,0.436271,-173.236,0.004604,999
263,12218,8224,frame_000263.jpg,0.996,0.031,0.44,Lap0,1.594826,0.438544,-173.483,0.00447,999
264,12273,8279,frame_000264.jpg,0.996,0.009,0.523,Lap0,1.589277,0.440423,-172.915,0.004425,999
265,12327,8333,frame_000265.jpg,0.996,0.009,0.524,Lap0,1.583175,0.441435,-172.418,0.004436,999
266,12382,8388,frame_000266.jpg,0.996,0.248,0.524,Lap0,1.585114,0.442002,-171.963,0.004447,999
267,12436,8442,frame_000267.jpg,0.996,0.319,0.524,Lap0,1.575832,0.444252,-171.529,0.004385,999
268,12491,8497,frame_000268.jpg,0.996,0.319,0.524,Lap0,1.560241,0.449779,-169.995,0.004637,999
269,12546,8552,frame_000269.jpg,0.996,0.341,0.524,Lap0,1.541467,0.457222,-167.681,0.004951,999
270,12600,8606,frame_000270.jpg,0.996,0.102,0.008,Lap0,1.521538,0.465208,-165.165,0.004837,999
271,12654,8660,frame_000271.jpg,0.996,0.102,0.007,Lap0,1.506383,0.469583,-163.953,0.004568,999
272,12709,8715,frame_000272.jpg,0.996,0.031,-0.27,Lap0,1.496193,0.471984,-163.698,0.004588,999
273,12764,8770,frame_000273.jpg,0.996,0.009,-0.344,Lap0,1.488847,0.473283,-164.272,0.004753,999
274,12818,8824,frame_000274.jpg,0.996,0.009,-0.345,Lap0,1.486779,0.473369,-164.98,0.00488,999
275,12873,8879,frame_000275.jpg,0.996,0.248,-0.355,Lap0,1.484751,0.473584,-165.381,0.005021,999
276,12927,8933,frame_000276.jpg,0.996,0.319,-0.343,Lap0,1.471809,0.475691,-165.929,0.005127,999
277,12982,8988,frame_000277.jpg,0.996,0.319,-0.343,Lap0,1.45314,0.477992,-167.147,0.005013,999
278,13036,9042,frame_000278.jpg,0.996,0.341,-0.328,Lap0,1.43166,0.480114,-168.764,0.004815,999
279,13091,9097,frame_000279.jpg,0.996,0.102,-0.297,Lap0,1.409883,0.481598,-170.586,0.00463,999
280,13145,9151,frame_000280.jpg,0.996,0.045,-0.25,Lap0,1.395209,0.481951,-172.27,0.004519,999
281,13200,9206,frame_000281.jpg,0.996,0.031,-0.238,Lap0,1.386736,0.482046,-173.435,0.004596,999
282,13254,9260,frame_000282.jpg,0.996,0.009,0.367,Lap0,1.381888,0.482168,-174.051,0.004751,999
283,13309,9315,frame_000283.jpg,0.996,0.009,0.367,Lap0,1.375212,0.48368,-173.43,0.004909,999
284,13364,9370,frame_000284.jpg,0.996,0.248,0.524,Lap0,1.364376,0.485941,-172.091,0.004942,999
285,13418,9424,frame_000285.jpg,0.996,0.319,0.09,Lap0,1.356537,0.487852,-171.311,0.004958,999
286,13472,9479,frame_000286.jpg,0.996,0.337,-0.055,Lap0,1.337889,0.491346,-170.817,0.004958,999
287,13527,9533,frame_000287.jpg,0.996,0.341,-0.091,Lap0,1.315733,0.494583,-170.67,0.004787,999
288,13582,9588,frame_000288.jpg,0.996,0.102,-0.144,Lap0,1.292672,0.497456,-171.009,0.0046,999
289,13636,9642,frame_000289.jpg,0.996,0.102,-0.144,Lap0,1.276935,0.498909,-171.636,0.004486,999
290,13691,9697,frame_000290.jpg,0.996,0.031,-0.162,Lap0,1.266556,0.499697,-172.236,0.00456,999
291,13745,9751,frame_000291.jpg,0.996,0.009,-0.143,Lap0,1.260198,0.500087,-172.703,0.004705,999
292,13800,9806,frame_000292.jpg,0.996,0.009,-0.143,Lap0,1.261947,0.49985,-172.937,0.00489,999
293,13854,9860,frame_000293.jpg,0.996,0.248,-0.109,Lap0,1.261317,0.499934,-173.002,0.005093,999
294,13909,9915,frame_000294.jpg,0.996,0.319,-0.084,Lap0,1.255038,0.50046,-173.105,0.005168,999
295,13963,9969,frame_000295.jpg,0.996,0.319,-0.084,Lap0,1.237483,0.502293,-173.259,0.005188,999
296,14018,10024,frame_000296.jpg,0.996,0.341,-0.073,Lap0,1.216161,0.504228,-173.568,0.005022,999
297,14073,10079,frame_000297.jpg,0.996,0.112,-0.061,Lap0,1.192732,0.506243,-173.95,0.004815,999
298,14127,10133,frame_000298.jpg,0.996,0.102,-0.06,Lap0,1.175043,0.50763,-174.328,0.004661,999
299,14182,10188,frame_000299.jpg,0.996,0.031,-0.047,Lap0,1.163583,0.508464,-174.621,0.004696,999
300,14236,10242,frame_000300.jpg,0.996,0.01,-0.036,Lap0,1.1571,0.508916,-174.805,0.004831,999
301,14291,10297,frame_000301.jpg,0.996,0.009,-0.036,Lap0,1.151748,0.509303,-174.878,0.004941,999
302,14345,10351,frame_000302.jpg,0.996,0.248,-0.016,Lap0,1.145788,0.509814,-174.922,0.005082,999
303,14400,10406,frame_000303.jpg,0.996,0.248,-0.016,Lap0,1.140685,0.510239,-174.949,0.005196,999
304,14454,10460,frame_000304.jpg,0.996,0.319,0.006,Lap0,1.123916,0.511701,-174.973,0.005174,999
305,14509,10515,frame_000305.jpg,0.996,0.341,-0.007,Lap0,1.1027,0.513572,-174.973,0.005011,999
306,14564,10570,frame_000306.jpg,0.996,0.341,-0.007,Lap0,1.079041,0.515598,-174.994,0.004823,999
307,14618,10624,frame_000307.jpg,0.996,0.102,-0.008,Lap0,1.05689,0.517474,-175.03,0.004662,999
308,14673,10679,frame_000308.jpg,0.996,0.034,-0.01,Lap0,1.042446,0.518676,-175.07,0.004596,999
309,14727,10733,frame_000309.jpg,0.996,0.031,-0.01,Lap0,1.034034,0.519362,-175.105,0.004698,999
310,14782,10788,frame_000310.jpg,0.996,0.009,-0.004,Lap0,1.028602,0.519811,-175.157,0.0049,999
311,14836,10843,frame_000311.jpg,0.996,0.2,0.008,Lap0,1.02483,0.520122,-175.199,0.005025,999
312,14891,10897,frame_000312.jpg,0.996,0.248,0.011,Lap0,1.025845,0.520043,-175.215,0.005092,999
313,14945,10951,frame_000313.jpg,0.996,0.319,0.017,Lap0,1.013358,0.521108,-175.213,0.005273,999
314,15000,11006,frame_000314.jpg,0.996,0.319,0.017,Lap0,0.995354,0.522712,-175.173,0.005188,999
315,15054,11060,frame_000315.jpg,0.996,0.341,0.018,Lap0,0.97358,0.524682,-175.103,0.004982,999
316,15109,11115,frame_000316.jpg,0.996,0.102,0.014,Lap0,0.951313,0.526728,-175.016,0.004809,999
317,15163,11170,frame_000317.jpg,0.996,0.102,0.014,Lap0,0.936571,0.528111,-174.936,0.004714,999
318,15218,11224,frame_000318.jpg,0.995,0.55,0.012,Lap0,0.919856,0.529664,-174.875,0.004813,999
319,15273,11279,frame_000319.jpg,0.995,0.685,0.011,Lap0,0.889183,0.532524,-174.814,0.004772,999
320,15327,11333,frame_000320.jpg,0.995,0.685,0.011,Lap0,0.84863,0.536336,-174.742,0.005773,999
321,15382,11388,frame_000321.jpg,0.995,0.727,-0.002,Lap0,0.800666,0.540858,-174.675,0.004978,999
322,15436,11442,frame_000322.jpg,0.995,0.73,0.017,Lap0,0.750517,0.545528,-174.653,0.005771,999
323,15491,11497,frame_000323.jpg,0.995,0.73,0.018,Lap0,0.697799,0.550606,-174.61,0.004649,999
324,15545,11551,frame_000324.jpg,0.995,0.719,0.043,Lap0,0.64533,0.555891,-174.485,0.005476,999
325,15600,11606,frame_000325.jpg,0.995,0.719,0.043,Lap0,0.592216,0.561568,-174.378,0.004821,999
326,15654,11660,frame_000326.jpg,0.995,0.71,0.058,Lap0,0.539401,0.56745,-174.212,0.005613,999
327,15709,11715,frame_000327.jpg,0.995,0.458,-0.253,Lap0,0.486838,0.573453,-173.899,0.004606,999
328,15763,11770,frame_000328.jpg,0.995,0.458,-0.253,Lap0,0.4428,0.574118,-174.896,0.005246,999
329,15818,11824,frame_000329.jpg,0.995,0.382,-0.343,Lap0,0.405276,0.573469,-176.819,0.004754,999
330,15873,11879,frame_000330.jpg,0.995,0.55,0.026,Lap0,0.373185,0.57114,-179.302,0.004706,999
331,15927,11933,frame_000331.jpg,0.995,0.551,0.029,Lap0,0.338088,0.571537,179.525,0.004727,999
332,15982,11988,frame_000332.jpg,0.995,0.589,0.16,Lap0,0.299512,0.571857,179.277,0.004493,999
333,16036,12042,frame_000333.jpg,0.995,0.571,0.231,Lap0,0.25796,0.573403,179.922,0.005295,999
334,16091,12097,frame_000334.jpg,0.995,0.567,0.249,Lap0,0.215832,0.576464,-178.728,0.004706,999
335,16145,12151,frame_000335.jpg,0.995,0.575,0.254,Lap0,0.174225,0.581036,-176.832,0.005033,999
336,16200,12206,frame_000336.jpg,0.995,0.575,0.254,Lap0,0.133137,0.587218,-174.697,0.005104,999
337,16254,12260,frame_000337.jpg,0.995,0.418,-0.124,Lap0,0.092716,0.592925,-172.888,0.005201,999
338,16309,12315,frame_000338.jpg,0.995,0.372,-0.29,Lap0,0.056971,0.596068,-172.6,0.004576,999
339,16364,12370,frame_000339.jpg,0.995,0.37,-0.297,Lap0,0.026012,0.596568,-173.826,0.004447,999
340,16418,12424,frame_000340.jpg,0.995,0.356,-0.356,Lap0,-0.002278,0.596065,-175.78,0.004455,999
341,16473,12479,frame_000341.jpg,0.994,0.157,-0.323,Lap0,-0.029147,0.594179,-178.132,0.005015,999
342,16527,12533,frame_000342.jpg,0.994,0.107,-0.315,Lap0,-0.051073,0.591778,179.556,0.004531,999
343,16582,12588,frame_000343.jpg,0.994,0.032,-0.255,Lap0,-0.06433,0.589725,177.74,0.00445,999
344,16636,12642,frame_000344.jpg,0.994,0.032,-0.255,Lap0,-0.07201,0.58844,176.576,0.004701,999
345,16691,12697,frame_000345.jpg,0.994,0.386,0.146,Lap0,-0.07554,0.588062,176.014,0.004951,999
346,16745,12751,frame_000346.jpg,0.994,0.361,0.329,Lap0,-0.087131,0.587661,176.068,0.005035,999
347,16800,12806,frame_000347.jpg,0.994,0.361,0.33,Lap0,-0.108963,0.588578,176.952,0.004977,999
348,16854,12860,frame_000348.jpg,0.994,0.353,0.364,Lap0,-0.133141,0.590326,178.579,0.004731,999
349,16909,12915,frame_000349.jpg,0.994,0.463,0.327,Lap0,-0.158076,0.59326,-179.32,0.004511,999
350,16964,12970,frame_000350.jpg,0.994,0.491,0.318,Lap0,-0.185321,0.597041,-177.086,0.005014,999
351,17018,13024,frame_000351.jpg,0.994,0.392,-0.068,Lap0,-0.217561,0.601508,-175.018,0.004952,999
352,17073,13079,frame_000352.jpg,0.994,0.519,-0.203,Lap0,-0.249243,0.60378,-174.306,0.005341,999
353,17127,13133,frame_000353.jpg,0.994,0.52,-0.204,Lap0,-0.283409,0.60505,-174.82,0.004472,999
354,17182,13188,frame_000354.jpg,0.994,0.553,-0.252,Lap0,-0.319759,0.605251,-176.182,0.005061,999
355,17236,13242,frame_000355.jpg,0.994,0.411,-0.255,Lap0,-0.358771,0.604454,-178.041,0.005109,999
356,17291,13297,frame_000356.jpg,0.994,0.411,-0.255,Lap0,-0.393944,0.602222,179.881,0.004528,999
357,17345,13351,frame_000357.jpg,0.994,0.368,-0.2,Lap0,-0.425388,0.599357,177.887,0.004665,999
358,17400,13406,frame_000358.jpg,0.994,0.355,-0.147,Lap0,-0.454155,0.596046,176.215,0.004463,999
359,17454,13460,frame_000359.jpg,0.994,0.355,-0.147,Lap0,-0.481468,0.592549,174.897,0.0045,999
360,17509,13515,frame_000360.jpg,0.994,0.442,0.24,Lap0,-0.50877,0.590195,174.167,0.004505,999
361,17563,13570,frame_000361.jpg,0.994,0.378,0.442,Lap0,-0.538624,0.589926,175.02,0.00502,999
362,17618,13624,frame_000362.jpg,0.994,0.378,0.442,Lap0,-0.566988,0.591995,177.14,0.004911,999
363,17673,13679,frame_000363.jpg,0.994,0.358,0.5,Lap0,-0.593428,0.595715,179.984,0.004627,999
364,17727,13733,frame_000364.jpg,0.994,0.412,0.48,Lap0,-0.618343,0.600809,-176.813,0.004465,999
365,17782,13788,frame_000365.jpg,0.994,0.412,0.48,Lap0,-0.644204,0.607289,-173.548,0.004934,999
366,17836,13842,frame_000366.jpg,0.994,0.55,-0.003,Lap0,-0.673508,0.613358,-170.878,0.004828,999
367,17891,13897,frame_000367.jpg,0.994,0.567,-0.185,Lap0,-0.709159,0.619371,-169.782,0.005412,999
368,17945,13951,frame_000368.jpg,0.994,0.567,-0.185,Lap0,-0.748637,0.624516,-169.99,0.00481,999
369,18000,14006,frame_000369.jpg,0.994,0.591,-0.211,Lap0,-0.788946,0.628777,-171.111,0.00508,999
370,18054,14060,frame_000370.jpg,0.994,0.629,-0.173,Lap0,-0.831605,0.63245,-172.689,0.005061,999
371,18109,14115,frame_000371.jpg,0.993,0.655,-0.139,Lap0,-0.875966,0.635432,-174.327,0.004505,999
372,18164,14170,frame_000372.jpg,0.993,0.662,-0.13,Lap0,-0.922084,0.63761,-175.891,0.005195,999
373,18218,14224,frame_000373.jpg,0.993,0.697,-0.078,Lap0,-0.969589,0.639041,-177.241,0.005134,999
374,18273,14279,frame_000374.jpg,0.993,0.694,0.032,Lap0,-1.019548,0.640199,-178.301,0.005125,999
375,18327,14333,frame_000375.jpg,0.993,0.694,0.037,Lap0,-1.069764,0.641822,-178.787,0.004387,999
376,18382,14388,frame_000376.jpg,0.993,0.71,0.045,Lap0,-1.120965,0.643408,-178.82,0.005361,999
377,18436,14442,frame_000377.jpg,0.993,0.683,0.096,Lap0,-1.17277,0.645208,-178.581,0.004533,999
378,18491,14497,frame_000378.jpg,0.993,0.683,0.096,Lap0,-1.223642,0.64798,-177.989,0.005503,999
379,18545,14551,frame_000379.jpg,0.993,0.703,0.068,Lap0,-1.27493,0.650965,-177.348,0.004689,999
380,18600,14606,frame_000380.jpg,0.993,0.667,0.124,Lap0,-1.325786,0.654483,-176.711,0.005562,999
381,18654,14661,frame_000381.jpg,0.993,0.666,0.126,Lap0,-1.376839,0.659243,-175.782,0.004872,999
382,18709,14715,frame_000382.jpg,0.993,0.662,0.131,Lap0,-1.426011,0.665041,-174.531,0.005942,999
383,18763,14770,frame_000383.jpg,0.993,0.576,-0.181,Lap0,-1.475692,0.670985,-173.367,0.005082,999
384,18818,14824,frame_000384.jpg,0.993,0.576,-0.181,Lap0,-1.521157,0.673794,-173.671,0.004949,999
385,18873,14879,frame_000385.jpg,0.993,0.615,-0.179,Lap0,-1.565819,0.67607,-174.816,0.005172,999
386,18927,14933,frame_000386.jpg,0.993,0.593,-0.228,Lap0,-1.6105,0.677334,-176.268,0.004486,999
387,18982,14988,frame_000387.jpg,0.993,0.593,-0.228,Lap0,-1.654581,0.676462,-178.153,0.005458,999
388,19036,15042,frame_000388.jpg,0.993,0.423,-0.483,Lap0,-1.698345,0.673993,179.668,0.004888,999
389,19091,15097,frame_000389.jpg,0.993,0.41,-0.506,Lap0,-1.734254,0.667273,176.373,0.005184,999
390,19145,15152,frame_000390.jpg,0.993,0.41,-0.506,Lap0,-1.765074,0.658995,172.517,0.00463,999
391,19200,15206,frame_000391.jpg,0.992,0.368,-0.524,Lap0,-1.792633,0.649236,168.652,0.004473,999
392,19254,15260,frame_000392.jpg,0.992,0.355,-0.524,Lap0,-1.81746,0.63829,164.826,0.004688,999
393,19309,15315,frame_000393.jpg,0.992,0.355,-0.524,Lap0,-1.840666,0.626391,161.146,0.004776,999
394,19363,15370,frame_000394.jpg,0.992,0.352,-0.524,Lap0,-1.862176,0.61349,157.623,0.004811,999
395,19418,15424,frame_000395.jpg,0.992,0.105,-0.524,Lap0,-1.881822,0.599908,154.188,0.004608,999
396,19473,15479,frame_000396.jpg,0.992,0.105,-0.524,Lap0,-1.89407,0.589532,151.037,0.004498,999
397,19527,15533,frame_000397.jpg,0.992,0.032,-0.524,Lap0,-1.901628,0.582365,148.663,0.004615,999
398,19582,15588,frame_000398.jpg,0.992,0.009,-0.524,Lap0,-1.902376,0.580392,146.938,0.004659,999
399,19636,15642,frame_000399.jpg,0.992,0.009,-0.524,Lap0,-1.902357,0.580604,146.142,0.004481,999
400,19691,15697,frame_000400.jpg,0.992,0.248,-0.521,Lap0,-1.90296,0.580379,145.952,0.004365,999
401,19745,15751,frame_000401.jpg,0.992,0.319,-0.419,Lap0,-1.904698,0.578381,145.887,0.004335,999
402,19800,15806,frame_000402.jpg,0.992,0.319,-0.419,Lap0,-1.916829,0.567127,144.798,0.004326,999
403,19854,15860,frame_000403.jpg,0.992,0.341,-0.524,Lap0,-1.930566,0.552667,142.763,0.004324,999
404,19909,15915,frame_000404.jpg,0.992,0.102,-0.524,Lap0,-1.944485,0.536177,139.992,0.004478,999
405,19963,15969,frame_000405.jpg,0.992,0.102,-0.524,Lap0,-1.953507,0.523361,137.078,0.004905,999
406,20018,16024,frame_000406.jpg,0.992,0.031,-0.524,Lap0,-1.958686,0.515068,134.76,0.004974,999
407,20073,16079,frame_000407.jpg,0.992,0.009,-0.524,Lap0,-1.96111,0.510909,133.042,0.004854,999
408,20127,16133,frame_000408.jpg,0.992,0.009,-0.524,Lap0,-1.966844,0.50357,131.669,0.004983,999
409,20182,16188,frame_000409.jpg,0.992,0.248,-0.524,Lap0,-1.966638,0.502046,130.588,0.005019,999
410,20236,16242,frame_000410.jpg,0.992,0.319,-0.524,Lap0,-1.973278,0.492551,129.83,0.005261,999
411,20291,16297,frame_000411.jpg,0.992,0.341,-0.524,Lap0,-1.982093,0.476952,128.169,0.005237,999
412,20345,16351,frame_000412.jpg,0.992,0.341,-0.524,Lap0,-1.991629,0.4583,125.831,0.004984,999
413,20400,16406,frame_000413.jpg,0.992,0.102,-0.524,Lap0,-2.000314,0.438629,123.061,0.004766,999
414,20454,16460,frame_000414.jpg,0.992,0.031,-0.524,Lap0,-2.004867,0.425137,120.331,0.004621,999
415,20509,16515,frame_000415.jpg,0.992,0.031,-0.524,Lap0,-2.006823,0.417541,118.275,0.004662,999
416,20563,16569,frame_000416.jpg,0.992,0.009,-0.524,Lap0,-2.007994,0.411969,117.231,0.004793,999
417,20618,16624,frame_000417.jpg,0.992,0.248,-0.524,Lap0,-2.009913,0.407205,116.562,0.004917,999
418,20673,16679,frame_000418.jpg,0.992,0.248,-0.524,Lap0,-2.010792,0.405036,116.12,0.004984,999
419,20727,16733,frame_000419.jpg,0.992,0.319,-0.524,Lap0,-2.014773,0.391342,115.159,0.005164,999
420,20782,16788,frame_000420.jpg,0.992,0.341,-0.524,Lap0,-2.019496,0.372979,113.259,0.004981,999
421,20836,16842,frame_000421.jpg,0.992,0.112,-0.524,Lap0,-2.023951,0.351932,110.773,0.004739,999
422,20891,16897,frame_000422.jpg,0.992,0.102,-0.524,Lap0,-2.026231,0.33441,107.993,0.004546,999
423,20945,16951,frame_000423.jpg,0.992,0.031,-0.524,Lap0,-2.026908,0.323412,105.613,0.004506,999
424,21000,17006,frame_000424.jpg,0.992,0.009,-0.524,Lap0,-2.026688,0.318635,103.866,0.004605,999
425,21054,17061,frame_000425.jpg,0.992,0.009,-0.524,Lap0,-2.027229,0.312431,102.45,0.004785,999
426,21109,17115,frame_000426.jpg,0.992,0.248,-0.524,Lap0,-2.028081,0.306202,101.559,0.004907,999
427,21163,17169,frame_000427.jpg,0.992,0.319,-0.524,Lap0,-2.028301,0.292404,100.409,0.004952,999
428,21218,17224,frame_000428.jpg,0.992,0.319,-0.524,Lap0,-2.02818,0.274013,98.517,0.004827,999
429,21273,17279,frame_000429.jpg,0.992,0.341,-0.524,Lap0,-2.027161,0.253363,96.092,0.004632,999
430,21327,17333,frame_000430.jpg,0.992,0.104,-0.524,Lap0,-2.025053,0.231278,93.324,0.004463,999
431,21382,17388,frame_000431.jpg,0.992,0.102,-0.524,Lap0,-2.022019,0.215281,90.454,0.004574,999
432,21436,17442,frame_000432.jpg,0.992,0.031,-0.524,Lap0,-2.019546,0.205568,88.155,0.004448,999
433,21491,17497,frame_000433.jpg,0.992,0.009,-0.524,Lap0,-2.017643,0.199247,86.788,0.00465,999
434,21545,17551,frame_000434.jpg,0.992,0.009,-0.524,Lap0,-2.016129,0.195758,85.462,0.004806,999
435,21600,17606,frame_000435.jpg,0.992,0.248,-0.415,Lap0,-2.015385,0.190339,84.758,0.004921,999
436,21654,17660,frame_000436.jpg,0.992,0.318,-0.523,Lap0,-2.012483,0.177648,83.904,0.004999,999
437,21709,17715,frame_000437.jpg,0.992,0.319,-0.524,Lap0,-2.007457,0.160834,82.236,0.004905,999
438,21763,17770,frame_000438.jpg,0.992,0.341,-0.385,Lap0,-2.001179,0.141451,79.992,0.004713,999
439,21818,17824,frame_000439.jpg,0.992,0.104,-0.161,Lap0,-1.994364,0.120334,77.802,0.00453,999
440,21872,17879,frame_000440.jpg,0.992,0.102,-0.159,Lap0,-1.989641,0.104759,76.286,0.004384,999
441,21927,17933,frame_000441.jpg,0.992,0.031,-0.186,Lap0,-1.986198,0.09439,75.334,0.004424,999
442,21982,17988,frame_000442.jpg,0.992,0.009,-0.358,Lap0,-1.984063,0.088911,74.694,0.00457,999
443,22036,18042,frame_000443.jpg,0.992,0.009,-0.358,Lap0,-1.98328,0.087604,73.678,0.004574,999
444,22091,18097,frame_000444.jpg,0.992,0.248,-0.524,Lap0,-1.982713,0.08522,73.278,0.004513,999
445,22145,18151,frame_000445.jpg,0.992,0.319,-0.524,Lap0,-1.981314,0.078751,71.97,0.004881,999
446,22200,18206,frame_000446.jpg,0.992,0.337,-0.524,Lap0,-1.995183,0.085,71.476,0.005669,999
447,22254,18260,frame_000447.jpg,0.992,0.341,-0.524,Lap0,-1.993386,0.076275,72.546,0.0062,999
448,22309,18315,frame_000448.jpg,0.992,0.102,-0.524,Lap0,-1.986313,0.058712,73.106,0.005246,999
449,22363,18369,frame_000449.jpg,0.992,0.102,-0.524,Lap0,-1.995177,0.055482,71.427,0.004421,999
450,22418,18424,frame_000450.jpg,0.992,0.031,-0.524,Lap0,-2.008822,0.063647,70.067,0.005186,999
451,22472,18479,frame_000451.jpg,0.992,0.009,-0.524,Lap0,-2.010205,0.064887,70.73,0.005511,999
452,22527,18533,frame_000452.jpg,0.992,0.009,-0.524,Lap0,-2.010172,0.064431,71.502,0.004536,999
453,22582,18588,frame_000453.jpg,0.992,0.248,-0.524,Lap0,-2.008194,0.059696,71.659,0.003843,999
454,22636,18642,frame_000454.jpg,0.992,0.248,-0.524,Lap0,-2.007083,0.057597,71.562,0.003615,999
455,22691,18697,frame_000455.jpg,0.992,0.319,-0.524,Lap0,-2.0,0.045149,70.453,0.003583,999
456,22745,18752,frame_000456.jpg,0.991,0.341,-0.524,Lap0,-1.998535,0.030644,68.144,0.003639,999
457,22800,18806,frame_000457.jpg,0.991,0.112,-0.524,Lap0,-2.014883,0.023106,64.91,0.004818,999
458,22854,18860,frame_000458.jpg,0.991,0.102,-0.524,Lap0,-2.015344,0.023357,62.963,0.00594,999
459,22909,18915,frame_000459.jpg,0.991,0.031,-0.524,Lap0,-2.013489,0.021108,62.265,0.005083,999
460,22963,18970,frame_000460.jpg,0.991,0.01,-0.524,Lap0,-2.010652,0.018168,61.306,0.00407,999
461,23018,19024,frame_000461.jpg,0.991,0.009,-0.524,Lap0,-2.007641,0.013967,60.598,0.003731,999
462,23073,19079,frame_000462.jpg,0.991,0.248,-0.524,Lap0,-2.005617,0.01133,60.028,0.003582,999
463,23127,19133,frame_000463.jpg,0.991,0.248,-0.524,Lap0,-2.00147,0.006495,59.497,0.003591,999
464,23182,19188,frame_000464.jpg,0.991,0.319,-0.524,Lap0,-2.008652,-0.002834,57.441,0.003682,999
465,23236,19242,frame_000465.jpg,0.991,0.341,-0.524,Lap0,-2.012154,-0.002577,56.008,0.004125,999
466,23291,19297,frame_000466.jpg,0.991,0.341,-0.524,Lap0,-2.002619,-0.013932,55.411,0.005372,999
467,23345,19351,frame_000467.jpg,0.991,0.102,-0.524,Lap0,-1.990667,-0.025536,53.933,0.005512,999
468,23400,19406,frame_000468.jpg,0.991,0.031,-0.524,Lap0,-2.008683,-0.030455,51.946,0.005531,999
469,23454,19460,frame_000469.jpg,0.991,0.031,-0.524,Lap0,-2.016006,-0.024241,51.587,0.005278,999
470,23509,19515,frame_000470.jpg,0.991,0.009,-0.524,Lap0,-2.020576,-0.019979,51.693,0.004354,999
471,23563,19570,frame_000471.jpg,0.991,0.248,-0.524,Lap0,-2.02061,-0.020919,52.123,0.003797,999
472,23618,19624,frame_000472.jpg,0.991,0.251,-0.524,Lap0,-2.020992,-0.020249,52.317,0.00358,999
473,23672,19679,frame_000473.jpg,0.991,0.251,-0.524,Lap0,-2.011374,-0.028501,51.452,0.003568,999
474,23727,19733,frame_000474.jpg,0.991,0.32,-0.524,Lap0,-1.998715,-0.038824,49.508,0.003614,999
475,23782,19788,frame_000475.jpg,0.991,0.337,-0.524,Lap0,-2.000994,-0.051521,46.628,0.003711,999
476,23836,19842,frame_000476.jpg,0.991,0.341,-0.524,Lap0,-2.008448,-0.060015,43.66,0.005193,999
477,23891,19897,frame_000477.jpg,0.991,0.102,-0.524,Lap0,-1.998744,-0.066617,42.361,0.005846,999
478,23945,19951,frame_000478.jpg,0.991,0.031,-0.524,Lap0,-1.990007,-0.071753,41.08,0.00514,999
479,24000,20006,frame_000479.jpg,0.991,0.031,-0.524,Lap0,-1.983826,-0.075151,40.163,0.003868,999
480,24055,20061,frame_000480.jpg,0.991,0.009,-0.524,Lap0,-1.995904,-0.091605,38.357,0.003727,999
481,24109,20115,frame_000481.jpg,0.991,0.248,-0.524,Lap0,-2.009185,-0.085821,37.894,0.004205,999
482,24164,20170,frame_000482.jpg,0.991,0.305,-0.524,Lap0,-2.004011,-0.090348,38.474,0.004952,999
483,24218,20224,frame_000483.jpg,0.991,0.319,-0.524,Lap0,-1.991806,-0.09731,37.917,0.005047,999
484,24273,20279,frame_000484.jpg,0.991,0.341,-0.524,Lap0,-1.975038,-0.105892,36.317,0.004743,999
485,24327,20333,frame_000485.jpg,0.991,0.341,-0.524,Lap0,-1.955909,-0.114578,33.969,0.004275,999
486,24382,20388,frame_000486.jpg,0.991,0.102,-0.524,Lap0,-1.936324,-0.121992,31.086,0.004026,999
487,24436,20442,frame_000487.jpg,0.991,0.102,-0.524,Lap0,-1.922839,-0.125836,28.258,0.003978,999
488,24491,20497,frame_000488.jpg,0.991,0.031,-0.524,Lap0,-1.921512,-0.139299,25.823,0.00404,999
489,24545,20551,frame_000489.jpg,0.991,0.009,-0.524,Lap0,-1.916496,-0.160188,23.93,0.004153,999
490,24600,20606,frame_000490.jpg,0.991,0.009,-0.524,Lap0,-1.915515,-0.159953,22.722,0.004419,999
491,24654,20660,frame_000491.jpg,0.991,0.248,-0.524,Lap0,-1.913162,-0.160549,22.127,0.004602,999
492,24709,20715,frame_000492.jpg,0.991,0.318,-0.524,Lap0,-1.901356,-0.163579,21.413,0.004528,999
493,24763,20770,frame_000493.jpg,0.991,0.319,-0.524,Lap0,-1.884564,-0.166613,19.781,0.00436,999
494,24818,20824,frame_000494.jpg,0.991,0.341,-0.5,Lap0,-1.864928,-0.169337,17.491,0.00425,999
495,24872,20879,frame_000495.jpg,0.991,0.15,-0.418,Lap0,-1.843276,-0.171499,14.843,0.004229,999
496,24927,20933,frame_000496.jpg,0.991,0.102,-0.397,Lap0,-1.824584,-0.172636,12.188,0.004252,999
497,24981,20988,frame_000497.jpg,0.991,0.031,0.43,Lap0,-1.813359,-0.174086,10.453,0.004328,999
498,25036,21042,frame_000498.jpg,0.991,0.01,0.52,Lap0,-1.807462,-0.176447,10.745,0.004466,999
499,25091,21097,frame_000499.jpg,0.991,0.009,0.524,Lap0,-1.80586,-0.177349,11.249,0.004605,999
500,25145,21151,frame_000500.jpg,0.991,0.248,0.524,Lap0,-1.801481,-0.178161,11.612,0.004726,999
501,25200,21206,frame_000501.jpg,0.991,0.318,0.524,Lap0,-1.790109,-0.182876,12.599,0.004779,999
502,25254,21260,frame_000502.jpg,0.991,0.319,0.524,Lap0,-1.774736,-0.189595,14.408,0.004748,999
503,25309,21315,frame_000503.jpg,0.991,0.341,0.524,Lap0,-1.756911,-0.198288,16.83,0.004666,999
504,25363,21370,frame_000504.jpg,0.991,0.597,0.278,Lap0,-1.737728,-0.208825,19.688,0.00458,999
505,25418,21424,frame_000505.jpg,0.991,0.599,0.276,Lap0,-1.710477,-0.221913,22.17,0.004509,999
506,25473,21479,frame_000506.jpg,0.991,0.425,0.348,Lap0,-1.678581,-0.239603,24.761,0.004525,999
507,25527,21533,frame_000507.jpg,0.991,0.374,-0.127,Lap0,-1.650491,-0.257835,27.753,0.004561,999
508,25582,21588,frame_000508.jpg,0.991,0.372,-0.147,Lap0,-1.622811,-0.270985,28.801,0.004375,999
509,25636,21642,frame_000509.jpg,0.991,0.357,-0.502,Lap0,-1.597128,-0.281058,27.878,0.004394,999
510,25691,21697,frame_000510.jpg,0.991,0.357,-0.502,Lap0,-1.572814,-0.287996,25.209,0.004466,999
511,25745,21751,frame_000511.jpg,0.991,0.107,-0.524,Lap0,-1.55024,-0.292918,22.062,0.004494,999
512,25800,21806,frame_000512.jpg,0.991,0.033,-0.524,Lap1,-1.535632,-0.29468,19.061,0.004484,999
513,25854,21861,frame_000513.jpg,0.991,0.032,-0.524,Lap1,-1.526888,-0.295188,16.819,0.004546,999
514,25909,21915,frame_000514.jpg,0.991,0.01,-0.028,Lap1,-1.518672,-0.297182,15.302,0.004594,999
515,25964,21970,frame_000515.jpg,0.991,0.248,-0.165,Lap1,-1.511962,-0.298685,14.231,0.004764,999
516,26018,22024,frame_000516.jpg,0.991,0.248,-0.165,Lap1,-1.50446,-0.300272,13.827,0.004809,999
517,26073,22079,frame_000517.jpg,0.991,0.474,-0.236,Lap1,-1.484761,-0.303708,13.285,0.004798,999
518,26127,22133,frame_000518.jpg,0.99,0.53,-0.276,Lap1,-1.456434,-0.30786,12.138,0.004793,999
519,26182,22188,frame_000519.jpg,0.99,0.53,-0.276,Lap1,-1.422566,-0.311708,10.479,0.005027,999
520,26236,22242,frame_000520.jpg,0.99,0.612,-0.191,Lap1,-1.384575,-0.315597,8.656,0.005233,999
521,26291,22297,frame_000521.jpg,0.99,0.663,-0.125,Lap1,-1.342013,-0.319449,6.922,0.004886,999
522,26345,22351,frame_000522.jpg,0.99,0.663,-0.125,Lap1,-1.296434,-0.322946,5.302,0.005502,999
523,26400,22406,frame_000523.jpg,0.99,0.692,-0.085,Lap1,-1.248595,-0.325664,3.97,0.004517,999
524,26454,22461,frame_000524.jpg,0.99,0.661,-0.132,Lap1,-1.199626,-0.327483,2.909,0.005638,999
525,26509,22515,frame_000525.jpg,0.99,0.661,-0.132,Lap1,-1.149654,-0.328021,1.759,0.004958,999
526,26563,22570,frame_000526.jpg,0.99,0.703,-0.071,Lap1,-1.100905,-0.327545,0.54,0.005445,999
527,26618,22624,frame_000527.jpg,0.99,0.701,-0.073,Lap1,-1.050219,-0.326807,-0.387,0.004977,999
528,26672,22679,frame_000528.jpg,0.99,0.701,-0.073,Lap1,-0.998978,-0.325294,-1.052,0.005982,999
529,26727,22733,frame_000529.jpg,0.99,0.671,-0.117,Lap1,-0.946444,-0.323067,-1.66,0.004995,999
530,26782,22788,frame_000530.jpg,0.99,0.671,-0.117,Lap1,-0.896635,-0.31965,-2.581,0.005235,999
531,26836,22842,frame_000531.jpg,0.99,0.614,-0.204,Lap1,-0.847405,-0.314922,-3.768,0.00517,999
532,26891,22897,frame_000532.jpg,0.99,0.611,-0.207,Lap1,-0.801096,-0.308555,-5.363,0.004701,999
533,26945,22951,frame_000533.jpg,0.99,0.611,-0.207,Lap1,-0.756127,-0.300951,-7.228,0.005205,999
534,27000,23006,frame_000534.jpg,0.99,0.428,-0.291,Lap1,-0.714387,-0.29156,-9.454,0.004519,999
535,27054,23061,frame_000535.jpg,0.99,0.373,-0.32,Lap1,-0.67994,-0.281349,-12.103,0.004885,999
536,27109,23115,frame_000536.jpg,0.99,0.373,-0.32,Lap1,-0.650577,-0.270817,-14.791,0.00467,999
537,27163,23169,frame_000537.jpg,0.99,0.357,0.453,Lap1,-0.623534,-0.264791,-15.9,0.004718,999
538,27218,23224,frame_000538.jpg,0.99,0.109,0.523,Lap1,-0.598754,-0.262269,-14.155,0.004639,999
539,27273,23279,frame_000539.jpg,0.99,0.107,0.524,Lap1,-0.582127,-0.262165,-11.531,0.004427,999
540,27327,23333,frame_000540.jpg,0.99,0.032,0.524,Lap1,-0.571444,-0.262669,-9.252,0.00432,999
541,27382,23388,frame_000541.jpg,0.99,0.01,0.524,Lap1,-0.568993,-0.263511,-7.567,0.004146,999
542,27436,23442,frame_000542.jpg,0.99,0.01,0.524,Lap1,-0.567246,-0.263361,-6.745,0.004073,999
543,27491,23497,frame_000543.jpg,0.99,0.248,-0.208,Lap1,-0.565953,-0.263393,-6.34,0.004071,999
544,27545,23551,frame_000544.jpg,0.989,0.319,-0.521,Lap1,-0.563606,-0.263064,-6.222,0.004089,999
545,27600,23606,frame_000545.jpg,0.989,0.319,-0.522,Lap1,-0.548984,-0.258467,-7.368,0.004109,999
546,27654,23660,frame_000546.jpg,0.989,0.341,-0.524,Lap1,-0.530887,-0.25205,-9.568,0.004128,999
547,27709,23715,frame_000547.jpg,0.989,0.104,0.316,Lap1,-0.511215,-0.244359,-12.266,0.004146,999
548,27764,23770,frame_000548.jpg,0.989,0.102,0.323,Lap1,-0.495793,-0.243552,-12.413,0.004163,999
549,27818,23824,frame_000549.jpg,0.989,0.031,0.524,Lap1,-0.486574,-0.243467,-11.355,0.004179,999
550,27872,23878,frame_000550.jpg,0.989,0.009,0.524,Lap1,-0.484326,-0.244298,-10.695,0.004195,999
551,27927,23933,frame_000551.jpg,0.989,0.009,0.524,Lap1,-0.483604,-0.243677,-10.979,0.00421,999
552,27981,23988,frame_000552.jpg,0.989,0.248,0.524,Lap1,-0.48887,-0.244862,-11.452,0.004223,999
553,28036,24042,frame_000553.jpg,0.989,0.305,0.524,Lap1,-0.481391,-0.244189,-11.255,0.004234,999
554,28091,24097,frame_000554.jpg,0.989,0.319,0.524,Lap1,-0.468637,-0.243809,-10.307,0.004244,999
555,28145,24151,frame_000555.jpg,0.989,0.341,0.524,Lap1,-0.449687,-0.244361,-8.209,0.004252,999
556,28200,24206,frame_000556.jpg,0.989,0.341,0.524,Lap1,-0.428515,-0.245991,-5.465,0.004259,999
557,28254,24260,frame_000557.jpg,0.989,0.102,0.524,Lap1,-0.41128,-0.24872,-2.469,0.004266,999
558,28309,24315,frame_000558.jpg,0.989,0.031,-0.215,Lap1,-0.400516,-0.249511,-0.399,0.004273,999
559,28364,24370,frame_000559.jpg,0.989,0.031,-0.215,Lap1,-0.395831,-0.249037,-0.222,0.004281,999
560,28418,24424,frame_000560.jpg,0.989,0.009,-0.519,Lap1,-0.386952,-0.248033,-0.55,0.004287,999
561,28473,24479,frame_000561.jpg,0.989,0.248,-0.524,Lap1,-0.382232,-0.247344,-1.253,0.004292,999
562,28527,24533,frame_000562.jpg,0.989,0.248,-0.524,Lap1,-0.375547,-0.245968,-1.907,0.004298,999
563,28582,24588,frame_000563.jpg,0.989,0.319,-0.524,Lap1,-0.361362,-0.242748,-3.357,0.004302,999
564,28636,24642,frame_000564.jpg,0.989,0.341,-0.524,Lap1,-0.343337,-0.237732,-5.569,0.004305,999
565,28691,24697,frame_000565.jpg,0.989,0.341,-0.524,Lap1,-0.323223,-0.231145,-8.324,0.004307,999
566,28745,24751,frame_000566.jpg,0.989,0.102,-0.524,Lap1,-0.303816,-0.223401,-11.39,0.004309,999
567,28800,24806,frame_000567.jpg,0.989,0.032,0.342,Lap1,-0.291633,-0.217307,-14.258,0.004311,999
568,28855,24861,frame_000568.jpg,0.989,0.013,0.489,Lap1,-0.284426,-0.21648,-14.901,0.004315,999
569,28909,24915,frame_000569.jpg,0.989,0.009,0.524,Lap1,-0.27901,-0.216598,-14.299,0.004318,999
570,28963,24969,frame_000570.jpg,0.989,0.246,0.524,Lap1,-0.272693,-0.215292,-13.64,0.004321,999
571,29018,25024,frame_000571.jpg,0.989,0.248,0.524,Lap1,-0.267928,-0.215051,-13.057,0.004324,999
572,29073,25079,frame_000572.jpg,0.989,0.319,0.524,Lap1,-0.254282,-0.214665,-11.771,0.004325,999
573,29127,25133,frame_000573.jpg,0.989,0.319,0.524,Lap1,-0.236141,-0.214729,-9.68,0.004326,999
574,29182,25188,frame_000574.jpg,0.989,0.341,0.524,Lap1,-0.2156,-0.215741,-7.006,0.004435,999
575,29236,25242,frame_000575.jpg,0.989,0.102,0.524,Lap1,-0.194009,-0.217785,-4.028,0.004944,999
576,29291,25297,frame_000576.jpg,0.989,0.045,-0.014,Lap1,-0.178947,-0.220487,-1.122,0.004806,999
577,29345,25351,frame_000577.jpg,0.989,0.031,-0.149,Lap1,-0.169951,-0.220608,0.298,0.004678,999
578,29400,25406,frame_000578.jpg,0.989,0.009,-0.479,Lap1,-0.167574,-0.220425,0.49,0.004556,999
579,29454,25460,frame_000579.jpg,0.989,0.009,-0.482,Lap1,-0.166363,-0.220305,0.425,0.004537,999
580,29509,25515,frame_000580.jpg,0.989,0.248,-0.524,Lap1,-0.16683,-0.219912,0.249,0.004573,999
581,29563,25570,frame_000581.jpg,0.989,0.316,-0.524,Lap1,-0.155372,-0.21887,-0.26,0.004817,999
582,29618,25624,frame_000582.jpg,0.989,0.319,-0.524,Lap1,-0.13938,-0.215731,-1.864,0.004839,999
583,29673,25679,frame_000583.jpg,0.989,0.341,-0.524,Lap1,-0.120166,-0.211172,-4.201,0.004659,999
584,29727,25733,frame_000584.jpg,0.989,0.104,-0.188,Lap1,-0.099184,-0.205174,-7.002,0.004432,999
585,29782,25788,frame_000585.jpg,0.989,0.102,-0.185,Lap1,-0.082778,-0.201673,-8.961,0.004251,999
586,29836,25842,frame_000586.jpg,0.989,0.031,0.38,Lap1,-0.072688,-0.200687,-9.578,0.004221,999
587,29891,25897,frame_000587.jpg,0.989,0.009,0.523,Lap1,-0.0669,-0.200733,-8.815,0.004224,999
588,29945,25952,frame_000588.jpg,0.989,0.2,0.524,Lap1,-0.057211,-0.200351,-7.841,0.004357,999
589,30000,26006,frame_000589.jpg,0.989,0.248,0.524,Lap1,-0.055307,-0.201079,-7.063,0.004416,999
590,30054,26060,frame_000590.jpg,0.989,0.318,0.524,Lap1,-0.044404,-0.201013,-6.436,0.004647,999
591,30109,26115,frame_000591.jpg,0.989,0.319,0.524,Lap1,-0.027355,-0.20237,-4.789,0.004742,999
592,30163,26170,frame_000592.jpg,0.989,0.341,0.524,Lap1,-0.00716,-0.204801,-2.444,0.004833,999
593,30218,26224,frame_000593.jpg,0.989,0.102,-0.215,Lap1,0.014173,-0.207033,0.003,0.004723,999
594,30273,26279,frame_000594.jpg,0.989,0.102,-0.216,Lap1,0.029085,-0.205817,0.385,0.004503,999
595,30327,26333,frame_000595.jpg,0.989,0.031,-0.524,Lap1,0.038853,-0.204383,-0.205,0.004526,999
596,30382,26388,frame_000596.jpg,0.989,0.009,-0.524,Lap1,0.044556,-0.202787,-1.106,0.004653,999
597,30436,26442,frame_000597.jpg,0.989,0.009,-0.524,Lap1,0.048998,-0.202142,-1.793,0.004781,999
598,30491,26497,frame_000598.jpg,0.989,0.248,-0.524,Lap1,0.052176,-0.201767,-2.285,0.004901,999
599,30545,26551,frame_000599.jpg,0.989,0.319,-0.524,Lap1,0.055926,-0.200851,-2.621,0.004921,999
600,30600,26606,frame_000600.jpg,0.989,0.319,-0.524,Lap1,0.071929,-0.197303,-3.909,0.005104,999
601,30654,26660,frame_000601.jpg,0.989,0.341,-0.524,Lap1,0.091373,-0.192177,-6.035,0.004895,999
602,30709,26715,frame_000602.jpg,0.989,0.102,0.372,Lap1,0.111661,-0.188347,-8.036,0.00463,999
603,30763,26769,frame_000603.jpg,0.989,0.032,0.522,Lap1,0.125117,-0.188521,-7.599,0.004489,999
604,30818,26824,frame_000604.jpg,0.989,0.031,0.524,Lap1,0.133221,-0.189422,-6.463,0.004555,999
605,30872,26878,frame_000605.jpg,0.989,0.009,0.524,Lap1,0.136986,-0.189727,-5.668,0.004457,999
606,30927,26933,frame_000606.jpg,0.989,0.248,0.524,Lap1,0.137058,-0.19049,-5.068,0.004467,999
607,30981,26988,frame_000607.jpg,0.989,0.248,0.524,Lap1,0.138459,-0.190178,-4.721,0.004486,999
608,31036,27042,frame_000608.jpg,0.989,0.319,0.524,Lap1,0.151454,-0.191117,-3.965,0.004683,999
609,31091,27097,frame_000609.jpg,0.989,0.341,0.524,Lap1,0.169268,-0.193368,-2.113,0.004686,999
610,31145,27151,frame_000610.jpg,0.989,0.15,-0.09,Lap1,0.189975,-0.19682,0.442,0.004497,999
611,31200,27206,frame_000611.jpg,0.989,0.102,-0.244,Lap1,0.206765,-0.195553,1.198,0.004562,999
612,31254,27260,frame_000612.jpg,0.989,0.031,-0.524,Lap1,0.217814,-0.194363,0.659,0.004335,999
613,31309,27315,frame_000613.jpg,0.989,0.01,-0.524,Lap1,0.226976,-0.192529,-0.337,0.004156,999
614,31363,27370,frame_000614.jpg,0.989,0.009,-0.524,Lap1,0.229071,-0.191338,-1.305,0.004122,999
615,31418,27424,frame_000615.jpg,0.988,0.248,-0.524,Lap1,0.233752,-0.190904,-1.964,0.004128,999
616,31473,27479,frame_000616.jpg,0.988,0.248,-0.524,Lap1,0.235423,-0.190463,-2.431,0.004144,999
617,31527,27533,frame_000617.jpg,0.988,0.319,-0.524,Lap1,0.248897,-0.187142,-3.522,0.00416,999
618,31582,27588,frame_000618.jpg,0.988,0.341,0.274,Lap1,0.267226,-0.183921,-5.233,0.004175,999
619,31636,27642,frame_000619.jpg,0.988,0.341,0.275,Lap1,0.288945,-0.184178,-4.882,0.004255,999
620,31691,27697,frame_000620.jpg,0.988,0.102,0.48,Lap1,0.310187,-0.185814,-3.327,0.004553,999
621,31745,27751,frame_000621.jpg,0.988,0.034,0.522,Lap1,0.323297,-0.188088,-1.149,0.004568,999
622,31800,27806,frame_000622.jpg,0.988,0.031,0.524,Lap1,0.33068,-0.190019,0.652,0.004538,999
623,31854,27860,frame_000623.jpg,0.988,0.009,-0.214,Lap1,0.334308,-0.190445,1.975,0.004614,999
624,31909,27915,frame_000624.jpg,0.988,0.248,-0.523,Lap1,0.339088,-0.190427,2.275,0.004754,999
625,31963,27969,frame_000625.jpg,0.988,0.248,-0.523,Lap1,0.343956,-0.189684,1.959,0.004844,999
626,32018,28024,frame_000626.jpg,0.988,0.319,-0.524,Lap1,0.357752,-0.187562,0.64,0.004836,999
627,32072,28078,frame_000627.jpg,0.988,0.34,-0.524,Lap1,0.375644,-0.184224,-1.414,0.004709,999
628,32127,28133,frame_000628.jpg,0.988,0.341,-0.524,Lap1,0.396153,-0.179465,-4.032,0.004527,999
629,32182,28188,frame_000629.jpg,0.988,0.102,-0.524,Lap1,0.416825,-0.173366,-7.008,0.004351,999
630,32236,28242,frame_000630.jpg,0.988,0.102,-0.524,Lap1,0.430617,-0.167968,-9.893,0.004428,999
631,32291,28297,frame_000631.jpg,0.988,0.031,0.224,Lap1,0.43926,-0.166636,-11.087,0.004326,999
632,32345,28351,frame_000632.jpg,0.988,0.23,0.423,Lap1,0.444083,-0.166178,-11.167,0.004169,999
633,32400,28406,frame_000633.jpg,0.988,0.238,0.431,Lap1,0.45248,-0.165628,-9.479,0.004139,999
634,32454,28460,frame_000634.jpg,0.988,0.278,0.457,Lap1,0.468207,-0.165629,-7.732,0.004143,999
635,32509,28515,frame_000635.jpg,0.988,0.278,0.457,Lap1,0.486365,-0.16627,-5.425,0.004155,999
636,32563,28569,frame_000636.jpg,0.988,0.083,0.524,Lap1,0.498452,-0.168091,-4.001,0.00417,999
637,32618,28624,frame_000637.jpg,0.988,0.27,0.499,Lap1,0.504845,-0.169277,-1.765,0.004186,999
638,32672,28679,frame_000638.jpg,0.988,0.27,0.499,Lap1,0.517923,-0.171408,-0.094,0.0042,999
639,32727,28733,frame_000639.jpg,0.988,0.326,0.524,Lap1,0.535799,-0.175086,2.041,0.004483,999
640,32782,28788,frame_000640.jpg,0.988,0.274,0.524,Lap1,0.555854,-0.18003,4.672,0.004985,999
641,32836,28842,frame_000641.jpg,0.988,0.325,-0.252,Lap1,0.575412,-0.185754,7.507,0.005002,999
642,32891,28897,frame_000642.jpg,0.988,0.327,-0.284,Lap1,0.596174,-0.187918,8.769,0.004687,999
643,32945,28951,frame_000643.jpg,0.988,0.098,-0.523,Lap1,0.618546,-0.189112,8.135,0.004783,999
644,33000,29006,frame_000644.jpg,0.988,0.098,-0.524,Lap1,0.634343,-0.187639,6.215,0.00444,999
645,33054,29060,frame_000645.jpg,0.988,0.029,-0.524,Lap1,0.643872,-0.186251,4.237,0.004282,999
646,33109,29115,frame_000646.jpg,0.988,0.009,-0.524,Lap1,0.649681,-0.185079,2.715,0.004297,999
647,33163,29169,frame_000647.jpg,0.988,0.009,-0.524,Lap1,0.652843,-0.184515,2.391,0.004434,999
648,33218,29224,frame_000648.jpg,0.988,0.248,-0.524,Lap1,0.652793,-0.184527,2.39,0.004567,999
649,33272,29279,frame_000649.jpg,0.988,0.248,-0.524,Lap1,0.661812,-0.183601,1.886,0.004671,999
650,33327,29333,frame_000650.jpg,0.988,0.319,-0.524,Lap1,0.67592,-0.181262,0.221,0.004639,999
651,33382,29388,frame_000651.jpg,0.988,0.341,-0.524,Lap1,0.695146,-0.177699,-1.932,0.004509,999
652,33436,29442,frame_000652.jpg,0.988,0.341,-0.524,Lap1,0.71619,-0.172554,-4.677,0.004354,999
653,33491,29497,frame_000653.jpg,0.988,0.102,0.118,Lap1,0.736469,-0.168887,-7.034,0.004567,999
654,33545,29551,frame_000654.jpg,0.988,0.356,0.333,Lap1,0.750141,-0.167761,-7.427,0.004344,999
655,33600,29606,frame_000655.jpg,0.988,0.356,0.333,Lap1,0.767453,-0.167696,-6.646,0.004142,999
656,33654,29660,frame_000656.jpg,0.988,0.413,0.427,Lap1,0.790034,-0.168618,-4.934,0.004148,999
657,33709,29715,frame_000657.jpg,0.988,0.471,0.394,Lap1,0.816264,-0.170783,-2.444,0.004721,999
658,33763,29769,frame_000658.jpg,0.988,0.471,0.394,Lap1,0.846341,-0.173983,0.335,0.004763,999
659,33818,29824,frame_000659.jpg,0.988,0.497,0.371,Lap1,0.879038,-0.178775,3.273,0.005485,999
660,33873,29879,frame_000660.jpg,0.988,0.398,-0.273,Lap1,0.91374,-0.184647,6.034,0.004765,999
661,33927,29933,frame_000661.jpg,0.988,0.394,-0.3,Lap1,0.946255,-0.185446,6.448,0.004651,999
662,33982,29988,frame_000662.jpg,0.988,0.363,-0.476,Lap1,0.974859,-0.184025,4.634,0.004792,999
663,34036,30042,frame_000663.jpg,0.988,0.354,-0.15,Lap1,1.001088,-0.18168,1.848,0.004329,999
664,34091,30097,frame_000664.jpg,0.988,0.354,-0.149,Lap1,1.027301,-0.180806,-0.065,0.004233,999
665,34145,30151,frame_000665.jpg,0.988,0.106,0.158,Lap1,1.049798,-0.181206,-0.822,0.004596,999
666,34200,30206,frame_000666.jpg,0.988,0.032,0.227,Lap1,1.063652,-0.182118,-0.463,0.004474,999
667,34254,30261,frame_000667.jpg,0.988,0.032,0.227,Lap1,1.071181,-0.182916,0.173,0.004315,999
668,34309,30315,frame_000668.jpg,0.988,0.01,0.34,Lap1,1.075147,-0.183705,0.998,0.004263,999
669,34363,30369,frame_000669.jpg,0.988,0.248,0.405,Lap1,1.080869,-0.183992,1.493,0.004255,999
670,34418,30424,frame_000670.jpg,0.988,0.248,0.405,Lap1,1.083743,-0.184571,1.86,0.004259,999
671,34473,30479,frame_000671.jpg,0.987,0.319,0.439,Lap1,1.09789,-0.187367,2.872,0.004265,999
672,34527,30533,frame_000672.jpg,0.987,0.341,0.371,Lap1,1.11615,-0.191561,4.673,0.004271,999
673,34582,30588,frame_000673.jpg,0.987,0.341,0.37,Lap1,1.137336,-0.196639,6.796,0.004277,999
674,34636,30642,frame_000674.jpg,0.987,0.539,0.243,Lap1,1.161799,-0.202684,8.936,0.00435,999
675,34691,30697,frame_000675.jpg,0.987,0.539,0.243,Lap1,1.19385,-0.210887,10.949,0.004841,999
676,34745,30751,frame_000676.jpg,0.987,0.591,0.216,Lap1,1.230644,-0.221148,12.999,0.005222,999
677,34800,30806,frame_000677.jpg,0.987,0.626,-0.048,Lap1,1.271101,-0.233568,14.978,0.005717,999
678,34854,30860,frame_000678.jpg,0.987,0.626,-0.05,Lap1,1.314756,-0.246162,16.283,0.004867,999
679,34909,30915,frame_000679.jpg,0.987,0.433,-0.524,Lap1,1.355604,-0.253884,15.6,0.005159,999
680,34963,30970,frame_000680.jpg,0.987,0.375,-0.524,Lap1,1.388806,-0.256359,12.636,0.004211,999
681,35018,31024,frame_000681.jpg,0.987,0.375,-0.524,Lap1,1.417153,-0.256226,8.814,0.004423,999
682,35072,31079,frame_000682.jpg,0.987,0.357,-0.524,Lap1,1.443743,-0.254524,4.984,0.004753,999
683,35127,31133,frame_000683.jpg,0.987,0.107,-0.524,Lap1,1.469133,-0.251317,1.306,0.004665,999
684,35182,31188,frame_000684.jpg,0.987,0.107,-0.524,Lap1,1.486624,-0.247237,-2.09,0.004493,999
685,35236,31242,frame_000685.jpg,0.987,0.032,-0.524,Lap1,1.497131,-0.244017,-4.691,0.004501,999
686,35291,31297,frame_000686.jpg,0.987,0.01,-0.524,Lap1,1.503748,-0.241634,-6.317,0.00464,999
687,35345,31351,frame_000687.jpg,0.987,0.01,-0.524,Lap1,1.503851,-0.24122,-7.094,0.004802,999
688,35400,31406,frame_000688.jpg,0.987,0.248,-0.524,Lap1,1.508086,-0.240077,-7.039,0.005001,999
689,35454,31460,frame_000689.jpg,0.987,0.318,-0.524,Lap1,1.518277,-0.237345,-7.796,0.005081,999
690,35509,31515,frame_000690.jpg,0.987,0.319,-0.524,Lap1,1.533574,-0.232188,-9.581,0.004974,999
691,35563,31570,frame_000691.jpg,0.987,0.341,-0.524,Lap1,1.552706,-0.224949,-11.873,0.004789,999
692,35618,31624,frame_000692.jpg,0.987,0.102,-0.524,Lap1,1.572319,-0.216333,-14.596,0.00459,999
693,35673,31679,frame_000693.jpg,0.987,0.102,-0.524,Lap1,1.585258,-0.209236,-17.334,0.004425,999
694,35727,31733,frame_000694.jpg,0.987,0.4,-0.438,Lap1,1.599504,-0.202018,-19.47,0.004468,999
695,35781,31788,frame_000695.jpg,0.987,0.511,-0.332,Lap1,1.620807,-0.190748,-21.646,0.004433,999
696,35836,31842,frame_000696.jpg,0.987,0.65,-0.141,Lap1,1.64854,-0.175834,-23.896,0.005149,999
697,35891,31897,frame_000697.jpg,0.987,0.656,-0.133,Lap1,1.682594,-0.158159,-25.859,0.005685,999
698,35945,31951,frame_000698.jpg,0.987,0.566,-0.273,Lap1,1.721491,-0.136588,-27.428,0.004746,999
699,36000,32006,frame_000699.jpg,0.987,0.681,-0.103,Lap1,1.757412,-0.113351,-29.438,0.005129,999
700,36054,32060,frame_000700.jpg,0.987,0.686,-0.096,Lap1,1.78527,-0.127689,-30.483,0.005455,999
701,36109,32115,frame_000701.jpg,0.987,0.451,0.058,Lap1,1.806755,-0.149989,-29.46,0.006617,999
702,36163,32169,frame_000702.jpg,0.986,0.38,-0.363,Lap1,1.831684,-0.144765,-26.606,0.005243,999
703,36218,32224,frame_000703.jpg,0.986,0.38,-0.364,Lap1,1.853165,-0.131139,-26.066,0.004125,999
704,36272,32279,frame_000704.jpg,0.986,0.359,-0.524,Lap1,1.872619,-0.119321,-27.984,0.003965,999
705,36327,32333,frame_000705.jpg,0.986,0.11,-0.524,Lap1,1.884381,-0.137337,-31.575,0.003941,999
706,36382,32388,frame_000706.jpg,0.986,0.108,-0.524,Lap1,1.884016,-0.13949,-33.711,0.005564,999
707,36436,32442,frame_000707.jpg,0.986,0.032,-0.524,Lap1,1.882699,-0.140485,-34.325,0.005314,999
708,36491,32497,frame_000708.jpg,0.986,0.011,-0.524,Lap1,1.88677,-0.136761,-34.347,0.004503,999
709,36545,32551,frame_000709.jpg,0.986,0.01,-0.524,Lap1,1.897275,-0.128022,-34.942,0.003824,999
710,36600,32606,frame_000710.jpg,0.986,0.248,-0.524,Lap1,1.90443,-0.120792,-36.076,0.003585,999
711,36655,32661,frame_000711.jpg,0.986,0.316,-0.524,Lap1,1.909858,-0.134012,-38.648,0.004038,999
712,36709,32715,frame_000712.jpg,0.986,0.319,-0.524,Lap1,1.912782,-0.138571,-40.509,0.005705,999
713,36763,32769,frame_000713.jpg,0.986,0.341,-0.524,Lap1,1.923177,-0.127359,-41.308,0.00592,999
714,36818,32824,frame_000714.jpg,0.986,0.112,-0.524,Lap1,1.93659,-0.111358,-42.431,0.004936,999
715,36872,32878,frame_000715.jpg,0.986,0.102,-0.524,Lap1,1.956394,-0.123434,-44.647,0.004797,999
716,36927,32933,frame_000716.jpg,0.986,0.031,-0.524,Lap1,1.961948,-0.139209,-46.332,0.005268,999
717,36982,32988,frame_000717.jpg,0.986,0.009,-0.524,Lap1,1.957239,-0.145764,-45.646,0.004817,999
718,37036,33042,frame_000718.jpg,0.986,0.009,-0.524,Lap1,1.956588,-0.147371,-44.859,0.004208,999
719,37091,33097,frame_000719.jpg,0.986,0.179,-0.524,Lap1,1.956894,-0.147428,-44.436,0.00376,999
720,37145,33151,frame_000720.jpg,0.986,0.299,-0.524,Lap1,1.959143,-0.144318,-44.339,0.003663,999
721,37200,33206,frame_000721.jpg,0.986,0.299,-0.524,Lap1,1.961945,-0.140086,-45.007,0.003681,999
722,37254,33260,frame_000722.jpg,0.986,0.335,-0.524,Lap1,1.971295,-0.125855,-46.579,0.003726,999
723,37309,33315,frame_000723.jpg,0.986,0.345,-0.524,Lap1,1.98172,-0.108545,-49.022,0.003777,999
724,37363,33370,frame_000724.jpg,0.986,0.345,-0.524,Lap1,1.99211,-0.089162,-51.963,0.003825,999
725,37418,33424,frame_000725.jpg,0.986,0.104,-0.524,Lap1,2.000379,-0.07072,-55.128,0.00387,999
726,37473,33479,frame_000726.jpg,0.986,0.046,-0.524,Lap1,2.004824,-0.058395,-57.94,0.003912,999
727,37527,33533,frame_000727.jpg,0.986,0.031,-0.524,Lap1,2.00739,-0.050178,-60.003,0.003951,999
728,37581,33588,frame_000728.jpg,0.986,0.009,-0.524,Lap1,2.006878,-0.050001,-61.372,0.003987,999
729,37636,33642,frame_000729.jpg,0.986,0.009,-0.524,Lap1,2.008036,-0.047347,-61.966,0.00402,999
730,37691,33697,frame_000730.jpg,0.986,0.179,-0.524,Lap1,2.009305,-0.044822,-62.314,0.00405,999
731,37745,33751,frame_000731.jpg,0.986,0.299,-0.502,Lap1,2.009835,-0.041846,-62.642,0.004077,999
732,37800,33806,frame_000732.jpg,0.986,0.328,-0.088,Lap1,2.014067,-0.028117,-63.851,0.0041,999
733,37854,33860,frame_000733.jpg,0.986,0.335,0.015,Lap1,2.022538,-0.010414,-64.672,0.004121,999
734,37909,33915,frame_000734.jpg,0.986,0.473,0.154,Lap1,2.032445,0.010165,-64.85,0.00414,999
735,37963,33969,frame_000735.jpg,0.986,0.473,0.154,Lap1,2.045881,0.034801,-64.285,0.004157,999
736,38018,34024,frame_000736.jpg,0.986,0.387,-0.503,Lap1,2.056613,0.062437,-64.469,0.004252,999
737,38072,34079,frame_000737.jpg,0.986,0.116,-0.524,Lap1,2.062971,0.088434,-67.069,0.00471,999
738,38127,34133,frame_000738.jpg,0.986,0.051,-0.524,Lap1,2.065712,0.106547,-70.212,0.004736,999
739,38182,34188,frame_000739.jpg,0.986,0.035,-0.524,Lap1,2.066604,0.117401,-72.751,0.004587,999
740,38236,34242,frame_000740.jpg,0.986,0.01,-0.524,Lap1,2.066596,0.12228,-74.525,0.004398,999
741,38290,34297,frame_000741.jpg,0.986,0.01,-0.524,Lap1,2.066659,0.124665,-75.658,0.004313,999
742,38345,34351,frame_000742.jpg,0.986,0.248,-0.524,Lap1,2.067907,0.129853,-76.22,0.004246,999
743,38400,34406,frame_000743.jpg,0.986,0.319,-0.524,Lap1,2.067331,0.131304,-76.696,0.004236,999
744,38454,34460,frame_000744.jpg,0.986,0.319,-0.524,Lap1,2.067921,0.146881,-77.995,0.004239,999
745,38509,34515,frame_000745.jpg,0.986,0.341,-0.524,Lap1,2.067876,0.166164,-80.26,0.004245,999
746,38563,34569,frame_000746.jpg,0.986,0.102,-0.524,Lap1,2.066761,0.186763,-83.082,0.004493,999
747,38618,34624,frame_000747.jpg,0.986,0.102,-0.524,Lap1,2.06488,0.200797,-85.877,0.00459,999
748,38672,34679,frame_000748.jpg,0.986,0.031,-0.524,Lap1,2.063189,0.210274,-88.049,0.004504,999
749,38727,34733,frame_000749.jpg,0.986,0.308,-0.524,Lap1,2.062645,0.215299,-89.613,0.004482,999
750,38782,34788,frame_000750.jpg,0.986,0.31,-0.524,Lap1,2.06132,0.221831,-90.482,0.004304,999
751,38836,34842,frame_000751.jpg,0.986,0.338,-0.524,Lap1,2.057532,0.239844,-92.307,0.004561,999
752,38891,34897,frame_000752.jpg,0.986,0.346,-0.524,Lap1,2.05239,0.260333,-94.892,0.004631,999
753,38945,34951,frame_000753.jpg,0.986,0.346,-0.524,Lap1,2.045841,0.281966,-97.883,0.004448,999
754,39000,35006,frame_000754.jpg,0.986,0.349,-0.341,Lap1,2.038735,0.304754,-100.806,0.004949,999
755,39054,35060,frame_000755.jpg,0.986,0.115,-0.407,Lap1,2.030782,0.328523,-103.272,0.004632,999
756,39109,35115,frame_000756.jpg,0.986,0.105,-0.41,Lap1,2.022701,0.347236,-105.713,0.004396,999
757,39163,35169,frame_000757.jpg,0.986,0.031,-0.524,Lap1,2.016898,0.358115,-107.861,0.004423,999
758,39218,35224,frame_000758.jpg,0.986,0.013,-0.524,Lap1,2.013062,0.363852,-109.526,0.004565,999
759,39272,35278,frame_000759.jpg,0.986,0.009,-0.524,Lap1,2.009435,0.370062,-110.487,0.004732,999
760,39327,35333,frame_000760.jpg,0.986,0.248,-0.524,Lap1,2.007825,0.371471,-111.268,0.004804,999
761,39381,35388,frame_000761.jpg,0.986,0.319,-0.524,Lap1,2.002001,0.382749,-112.096,0.004922,999
762,39436,35442,frame_000762.jpg,0.986,0.319,-0.524,Lap1,1.992546,0.397537,-113.796,0.004857,999
763,39491,35497,frame_000763.jpg,0.986,0.341,-0.524,Lap1,1.980875,0.414234,-116.121,0.004653,999
764,39545,35551,frame_000764.jpg,0.985,0.102,-0.524,Lap1,1.967341,0.431809,-118.845,0.004458,999
765,39600,35606,frame_000765.jpg,0.985,0.102,-0.524,Lap1,1.956258,0.443771,-121.673,0.004558,999
766,39654,35660,frame_000766.jpg,0.985,0.207,-0.524,Lap1,1.946931,0.45336,-124.022,0.004432,999
767,39709,35715,frame_000767.jpg,0.985,0.221,-0.524,Lap1,1.936755,0.463195,-126.13,0.004555,999
768,39763,35769,frame_000768.jpg,0.985,0.097,-0.524,Lap1,1.925805,0.473062,-128.204,0.004568,999
769,39818,35824,frame_000769.jpg,0.985,0.066,-0.524,Lap1,1.916923,0.479975,-130.253,0.004499,999
770,39872,35878,frame_000770.jpg,0.985,0.02,-0.524,Lap1,1.910977,0.484244,-131.902,0.004534,999
771,39927,35933,frame_000771.jpg,0.985,0.242,-0.524,Lap1,1.904906,0.488446,-132.963,0.004642,999
772,39981,35987,frame_000772.jpg,0.985,0.251,-0.524,Lap1,1.899604,0.493229,-133.833,0.004716,999
773,40036,36042,frame_000773.jpg,0.985,0.319,-0.524,Lap1,1.887924,0.501843,-135.047,0.004789,999
774,40090,36097,frame_000774.jpg,0.985,0.32,-0.524,Lap1,1.872899,0.512041,-136.964,0.004689,999
775,40145,36151,frame_000775.jpg,0.985,0.341,-0.524,Lap1,1.855363,0.522879,-139.397,0.004493,999
776,40200,36206,frame_000776.jpg,0.985,0.15,-0.524,Lap1,1.835921,0.533674,-142.164,0.004807,999
777,40254,36260,frame_000777.jpg,0.985,0.102,-0.524,Lap1,1.819911,0.540951,-145.026,0.004362,999
778,40309,36315,frame_000778.jpg,0.985,0.031,-0.524,Lap1,1.809266,0.545003,-147.419,0.004367,999
779,40363,36369,frame_000779.jpg,0.985,0.031,-0.524,Lap1,1.803748,0.546595,-149.264,0.004553,999
780,40418,36424,frame_000780.jpg,0.985,0.009,-0.524,Lap1,1.796729,0.549417,-150.412,0.004717,999
781,40473,36479,frame_000781.jpg,0.985,0.248,-0.524,Lap1,1.792379,0.551143,-151.254,0.004812,999
782,40527,36533,frame_000782.jpg,0.985,0.248,-0.524,Lap1,1.785609,0.553498,-151.92,0.004942,999
783,40581,36588,frame_000783.jpg,0.985,0.319,-0.524,Lap1,1.771588,0.558003,-153.31,0.004941,999
784,40636,36642,frame_000784.jpg,0.985,0.337,-0.524,Lap1,1.753607,0.563089,-155.331,0.004784,999
785,40691,36697,frame_000785.jpg,0.985,0.341,-0.524,Lap1,1.7331,0.567958,-157.83,0.004596,999
786,40745,36751,frame_000786.jpg,0.985,0.102,-0.524,Lap1,1.710996,0.572083,-160.657,0.00442,999
787,40800,36806,frame_000787.jpg,0.985,0.102,-0.524,Lap1,1.694527,0.57362,-163.555,0.004552,999
788,40854,36860,frame_000788.jpg,0.985,0.031,-0.524,Lap1,1.68506,0.573786,-165.863,0.00426,999
789,40909,36915,frame_000789.jpg,0.985,0.009,-0.524,Lap1,1.677896,0.573883,-167.092,0.004267,999
790,40963,36969,frame_000790.jpg,0.985,0.238,-0.524,Lap1,1.681201,0.572734,-167.111,0.004121,999
791,41018,37024,frame_000791.jpg,0.985,0.248,-0.524,Lap1,1.67758,0.573561,-167.709,0.004097,999
792,41072,37079,frame_000792.jpg,0.985,0.319,-0.51,Lap1,1.665722,0.57411,-168.376,0.004105,999
793,41127,37133,frame_000793.jpg,0.985,0.319,-0.51,Lap1,1.648172,0.574161,-170.143,0.004121,999
794,41181,37188,frame_000794.jpg,0.985,0.341,-0.478,Lap1,1.62775,0.573543,-172.558,0.004368,999
795,41236,37242,frame_000795.jpg,0.985,0.112,-0.402,Lap1,1.605238,0.572114,-175.254,0.004795,999
796,41291,37297,frame_000796.jpg,0.985,0.102,-0.399,Lap1,1.586596,0.570156,-177.875,0.004623,999
797,41345,37351,frame_000797.jpg,0.985,0.031,-0.35,Lap1,1.574885,0.568392,-179.925,0.00446,999
798,41400,37406,frame_000798.jpg,0.985,0.338,-0.011,Lap1,1.5684,0.567179,178.748,0.004334,999
799,41454,37460,frame_000799.jpg,0.985,0.415,0.074,Lap1,1.555807,0.567034,177.656,0.004394,999
800,41509,37515,frame_000800.jpg,0.985,0.507,0.235,Lap1,1.531766,0.566627,177.679,0.004685,999
801,41563,37569,frame_000801.jpg,0.985,0.507,0.235,Lap1,1.500972,0.567822,178.554,0.004783,999
802,41618,37624,frame_000802.jpg,0.985,0.576,0.222,Lap1,1.464841,0.569568,179.952,0.005679,999
803,41672,37679,frame_000803.jpg,0.985,0.577,0.246,Lap1,1.42434,0.572289,-178.39,0.005835,999
804,41727,37733,frame_000804.jpg,0.985,0.577,0.247,Lap1,1.383123,0.576802,-176.473,0.004402,999
805,41782,37788,frame_000805.jpg,0.985,0.598,0.224,Lap1,1.342873,0.583184,-174.3,0.004669,999
806,41836,37842,frame_000806.jpg,0.985,0.424,-0.153,Lap1,1.30158,0.590155,-172.247,0.004774,999
807,41891,37897,frame_000807.jpg,0.985,0.424,-0.154,Lap1,1.26425,0.593442,-171.956,0.004573,999
808,41945,37951,frame_000808.jpg,0.985,0.372,-0.312,Lap1,1.231799,0.594731,-173.088,0.004432,999
809,42000,38006,frame_000809.jpg,0.985,0.357,-0.376,Lap1,1.20268,0.594593,-175.106,0.004935,999
810,42054,38060,frame_000810.jpg,0.985,0.357,-0.377,Lap1,1.175196,0.592916,-177.481,0.004485,999
811,42109,38115,frame_000811.jpg,0.985,0.107,-0.325,Lap1,1.150439,0.590245,179.999,0.004399,999
812,42163,38169,frame_000812.jpg,0.985,0.107,-0.325,Lap1,1.134439,0.587685,177.838,0.004411,999
813,42218,38224,frame_000813.jpg,0.985,0.032,-0.255,Lap1,1.124228,0.585845,176.31,0.004501,999
814,42272,38279,frame_000814.jpg,0.985,0.37,0.17,Lap1,1.115302,0.585007,175.553,0.004657,999
815,42327,38333,frame_000815.jpg,0.984,0.359,0.297,Lap1,1.09716,0.584487,175.707,0.004762,999
816,42382,38388,frame_000816.jpg,0.984,0.356,0.329,Lap1,1.073581,0.585077,176.672,0.004588,999
817,42436,38442,frame_000817.jpg,0.984,0.352,0.353,Lap1,1.048883,0.586783,178.389,0.004685,999
818,42491,38497,frame_000818.jpg,0.984,0.352,0.353,Lap1,1.023663,0.58951,-179.529,0.004557,999
819,42545,38551,frame_000819.jpg,0.984,0.484,0.325,Lap1,0.997979,0.593177,-177.322,0.004967,999
820,42600,38606,frame_000820.jpg,0.984,0.39,-0.091,Lap1,0.96765,0.597415,-175.244,0.004591,999
821,42654,38660,frame_000821.jpg,0.984,0.39,-0.092,Lap1,0.937159,0.599322,-174.558,0.005016,999
822,42709,38715,frame_000822.jpg,0.984,0.362,-0.254,Lap1,0.908181,0.599828,-175.128,0.004545,999
823,42763,38769,frame_000823.jpg,0.984,0.354,-0.297,Lap1,0.880904,0.599297,-176.593,0.004451,999
824,42818,38824,frame_000824.jpg,0.984,0.354,-0.297,Lap1,0.854439,0.597751,-178.486,0.00502,999
825,42872,38878,frame_000825.jpg,0.984,0.106,-0.29,Lap1,0.828572,0.595437,179.527,0.004603,999
826,42927,38933,frame_000826.jpg,0.984,0.106,-0.29,Lap1,0.810707,0.592834,177.642,0.004413,999
827,42981,38987,frame_000827.jpg,0.984,0.032,-0.241,Lap1,0.800112,0.591013,176.241,0.004564,999
828,43036,39042,frame_000828.jpg,0.984,0.372,0.17,Lap1,0.796291,0.590229,175.371,0.004689,999
829,43091,39097,frame_000829.jpg,0.984,0.358,0.326,Lap1,0.785636,0.589762,175.139,0.004821,999
830,43145,39151,frame_000830.jpg,0.984,0.357,0.333,Lap1,0.764437,0.590392,176.068,0.004947,999
831,43200,39206,frame_000831.jpg,0.984,0.352,0.387,Lap1,0.740498,0.591854,177.74,0.004689,999
832,43254,39260,frame_000832.jpg,0.984,0.352,0.387,Lap1,0.715886,0.594594,179.922,0.004445,999
833,43309,39315,frame_000833.jpg,0.984,0.477,0.346,Lap1,0.688648,0.598164,-177.766,0.004944,999
834,43363,39369,frame_000834.jpg,0.984,0.389,-0.046,Lap1,0.657096,0.603354,-175.421,0.005427,999
835,43418,39424,frame_000835.jpg,0.984,0.388,-0.049,Lap1,0.625099,0.606376,-174.083,0.004829,999
836,43472,39479,frame_000836.jpg,0.984,0.361,-0.227,Lap1,0.595504,0.608086,-174.007,0.004331,999
837,43527,39533,frame_000837.jpg,0.984,0.353,-0.299,Lap1,0.567888,0.608588,-175.058,0.004399,999
838,43582,39588,frame_000838.jpg,0.984,0.353,-0.299,Lap1,0.541228,0.6077,-176.768,0.004895,999
839,43636,39642,frame_000839.jpg,0.984,0.106,-0.298,Lap1,0.515585,0.606132,-178.701,0.00465,999
840,43691,39697,frame_000840.jpg,0.984,0.106,-0.298,Lap1,0.498272,0.604083,179.416,0.004136,999
841,43745,39751,frame_000841.jpg,0.984,0.032,-0.24,Lap1,0.487192,0.602488,177.98,0.003864,999
842,43800,39806,frame_000842.jpg,0.984,0.361,0.185,Lap1,0.479657,0.60174,177.16,0.003823,999
843,43854,39860,frame_000843.jpg,0.984,0.362,0.186,Lap1,0.4637,0.601923,177.289,0.003844,999
844,43909,39915,frame_000844.jpg,0.984,0.456,0.321,Lap1,0.440783,0.603123,178.208,0.00388,999
845,43963,39969,frame_000845.jpg,0.984,0.482,0.361,Lap1,0.412501,0.605848,-179.935,0.004165,999
846,44018,40024,frame_000846.jpg,0.984,0.483,0.363,Lap1,0.38099,0.610327,-177.455,0.005072,999
847,44072,40078,frame_000847.jpg,0.984,0.39,-0.005,Lap1,0.347401,0.614865,-175.069,0.005055,999
848,44127,40133,frame_000848.jpg,0.984,0.526,-0.173,Lap1,0.315693,0.618007,-173.912,0.005265,999
849,44182,40188,frame_000849.jpg,0.984,0.527,-0.174,Lap1,0.281733,0.619851,-174.059,0.004455,999
850,44236,40242,frame_000850.jpg,0.984,0.551,-0.249,Lap1,0.245166,0.620831,-175.134,0.005246,999
851,44291,40297,frame_000851.jpg,0.983,0.571,-0.253,Lap1,0.205666,0.620883,-176.868,0.00501,999
852,44345,40351,frame_000852.jpg,0.983,0.571,-0.253,Lap1,0.164914,0.619487,-178.997,0.005701,999
853,44400,40406,frame_000853.jpg,0.983,0.596,-0.226,Lap1,0.12281,0.616809,178.816,0.00479,999
854,44454,40460,frame_000854.jpg,0.983,0.424,-0.167,Lap1,0.080646,0.61248,176.696,0.005398,999
855,44509,40515,frame_000855.jpg,0.983,0.424,-0.167,Lap1,0.042583,0.607736,174.806,0.004785,999
856,44563,40569,frame_000856.jpg,0.983,0.445,0.259,Lap1,0.008966,0.604039,173.531,0.004464,999
857,44618,40624,frame_000857.jpg,0.983,0.382,0.39,Lap1,-0.023459,0.603353,174.29,0.004493,999
858,44672,40679,frame_000858.jpg,0.983,0.379,0.395,Lap1,-0.054102,0.604738,176.341,0.00514,999
859,44727,40733,frame_000859.jpg,0.983,0.359,0.461,Lap1,-0.082883,0.607186,178.948,0.004705,999
860,44781,40788,frame_000860.jpg,0.983,0.359,0.461,Lap1,-0.109395,0.61168,-178.076,0.004314,999
861,44836,40842,frame_000861.jpg,0.983,0.353,0.04,Lap1,-0.135114,0.61517,-175.569,0.004685,999
862,44890,40897,frame_000862.jpg,0.983,0.106,-0.148,Lap1,-0.159644,0.617033,-174.613,0.004412,999
863,44945,40951,frame_000863.jpg,0.983,0.363,-0.22,Lap1,-0.175625,0.617527,-174.836,0.004461,999
864,45000,41006,frame_000864.jpg,0.983,0.427,-0.238,Lap1,-0.195297,0.617713,-175.602,0.004344,999
865,45054,41060,frame_000865.jpg,0.983,0.517,-0.275,Lap1,-0.222061,0.617379,-176.86,0.004563,999
866,45109,41115,frame_000866.jpg,0.983,0.517,-0.275,Lap1,-0.254314,0.615975,-178.591,0.005363,999
867,45163,41169,frame_000867.jpg,0.983,0.576,-0.238,Lap1,-0.29162,0.613771,179.527,0.004868,999
868,45218,41224,frame_000868.jpg,0.983,0.418,-0.177,Lap1,-0.331559,0.610373,177.712,0.005233,999
869,45272,41279,frame_000869.jpg,0.983,0.38,-0.146,Lap1,-0.367496,0.606431,176.018,0.004337,999
870,45327,41333,frame_000870.jpg,0.983,0.37,-0.138,Lap1,-0.398815,0.602236,174.487,0.004816,999
871,45381,41387,frame_000871.jpg,0.983,0.356,0.25,Lap1,-0.427844,0.598933,173.491,0.00471,999
872,45436,41442,frame_000872.jpg,0.983,0.356,0.25,Lap1,-0.455235,0.598321,174.175,0.004629,999
873,45491,41497,frame_000873.jpg,0.983,0.107,0.381,Lap1,-0.476882,0.599395,175.859,0.004555,999
874,45545,41551,frame_000874.jpg,0.983,0.033,0.435,Lap1,-0.490412,0.600817,177.73,0.004553,999
875,45600,41606,frame_000875.jpg,0.983,0.032,0.435,Lap1,-0.498183,0.602242,179.252,0.00467,999
876,45654,41660,frame_000876.jpg,0.983,0.354,0.4,Lap1,-0.498915,0.602669,-179.729,0.00472,999
877,45709,41715,frame_000877.jpg,0.983,0.351,0.035,Lap1,-0.51535,0.604172,-179.046,0.005023,999
878,45763,41769,frame_000878.jpg,0.983,0.351,0.034,Lap1,-0.537617,0.604805,-178.478,0.004899,999
879,45818,41824,frame_000879.jpg,0.983,0.35,-0.121,Lap1,-0.56224,0.605502,-178.213,0.004628,999
880,45873,41879,frame_000880.jpg,0.983,0.35,-0.155,Lap1,-0.587943,0.605208,-178.546,0.004451,999
881,45927,41933,frame_000881.jpg,0.983,0.35,-0.164,Lap1,-0.613583,0.604393,-179.269,0.00504,999
882,45981,41987,frame_000882.jpg,0.983,0.105,-0.154,Lap1,-0.638966,0.60315,179.769,0.004593,999
883,46036,42042,frame_000883.jpg,0.983,0.105,-0.154,Lap1,-0.656225,0.601845,178.826,0.004365,999
884,46091,42097,frame_000884.jpg,0.983,0.032,-0.121,Lap1,-0.66737,0.600878,178.09,0.004557,999
885,46145,42151,frame_000885.jpg,0.983,0.342,0.251,Lap1,-0.673459,0.600319,177.618,0.004744,999
886,46200,42206,frame_000886.jpg,0.983,0.342,0.252,Lap1,-0.685219,0.600723,178.092,0.004907,999
887,46254,42260,frame_000887.jpg,0.983,0.443,0.352,Lap1,-0.705212,0.602189,179.287,0.004862,999
888,46309,42315,frame_000888.jpg,0.983,0.391,0.098,Lap1,-0.732234,0.605246,-178.969,0.004649,999
889,46363,42369,frame_000889.jpg,0.983,0.378,0.034,Lap1,-0.761421,0.60747,-177.342,0.00503,999
890,46418,42424,frame_000890.jpg,0.982,0.358,-0.023,Lap1,-0.790434,0.60926,-176.585,0.004692,999
891,46472,42478,frame_000891.jpg,0.982,0.358,-0.023,Lap1,-0.818389,0.610811,-176.357,0.004951,999
892,46527,42533,frame_000892.jpg,0.982,0.621,0.011,Lap1,-0.847014,0.612578,-176.336,0.004578,999
893,46582,42588,frame_000893.jpg,0.982,0.67,-0.052,Lap1,-0.884711,0.615125,-176.288,0.00455,999
894,46636,42642,frame_000894.jpg,0.982,0.672,-0.055,Lap1,-0.928339,0.617383,-176.404,0.005697,999
895,46690,42697,frame_000895.jpg,0.982,0.695,-0.064,Lap1,-0.976198,0.619705,-176.722,0.004741,999
896,46745,42751,frame_000896.jpg,0.982,0.695,-0.064,Lap1,-1.025645,0.621582,-177.202,0.005494,999
897,46800,42806,frame_000897.jpg,0.982,0.704,0.026,Lap1,-1.076166,0.62377,-177.523,0.004499,999
898,46854,42860,frame_000898.jpg,0.982,0.672,0.102,Lap1,-1.127207,0.62638,-177.508,0.005436,999
899,46909,42915,frame_000899.jpg,0.982,0.672,0.103,Lap1,-1.178128,0.629912,-177.153,0.004668,999
900,46963,42969,frame_000900.jpg,0.982,0.702,0.067,Lap1,-1.22757,0.633922,-176.498,0.005559,999
901,47018,43024,frame_000901.jpg,0.982,0.701,0.072,Lap1,-1.27892,0.638169,-175.78,0.004873,999
902,47072,43079,frame_000902.jpg,0.982,0.701,0.072,Lap1,-1.330101,0.64315,-174.958,0.005982,999
903,47127,43133,frame_000903.jpg,0.982,0.691,0.088,Lap1,-1.38236,0.648903,-174.137,0.004957,999
904,47182,43188,frame_000904.jpg,0.982,0.603,-0.167,Lap1,-1.432712,0.654713,-173.513,0.005327,999
905,47236,43242,frame_000905.jpg,0.982,0.603,-0.167,Lap1,-1.480748,0.657954,-173.921,0.005067,999
906,47291,43297,frame_000906.jpg,0.982,0.536,-0.304,Lap1,-1.525706,0.659215,-175.209,0.004573,999
907,47345,43351,frame_000907.jpg,0.982,0.519,-0.34,Lap1,-1.567142,0.657901,-177.532,0.005176,999
908,47400,43406,frame_000908.jpg,0.982,0.519,-0.34,Lap1,-1.606499,0.654615,179.58,0.004799,999
909,47454,43460,frame_000909.jpg,0.982,0.531,-0.326,Lap1,-1.644821,0.649548,176.512,0.005593,999
910,47509,43515,frame_000910.jpg,0.981,0.599,-0.226,Lap1,-1.683659,0.643057,173.617,0.004749,999
911,47563,43569,frame_000911.jpg,0.981,0.432,-0.336,Lap1,-1.724097,0.634957,171.18,0.005291,999
912,47618,43624,frame_000912.jpg,0.981,0.425,-0.341,Lap1,-1.761585,0.624398,168.532,0.005026,999
913,47672,43678,frame_000913.jpg,0.981,0.372,-0.406,Lap1,-1.793307,0.613189,165.683,0.004407,999
914,47727,43733,frame_000914.jpg,0.981,0.372,-0.406,Lap1,-1.820606,0.60099,162.548,0.004383,999
915,47781,43788,frame_000915.jpg,0.981,0.357,-0.521,Lap1,-1.844702,0.587963,159.303,0.004724,999
916,47836,43842,frame_000916.jpg,0.981,0.117,-0.523,Lap1,-1.86644,0.573989,155.871,0.004415,999
917,47891,43897,frame_000917.jpg,0.981,0.107,-0.524,Lap1,-1.88219,0.561712,152.495,0.004724,999
918,47945,43951,frame_000918.jpg,0.981,0.032,-0.524,Lap1,-1.891218,0.553519,149.75,0.004463,999
919,48000,44006,frame_000919.jpg,0.981,0.01,-0.517,Lap1,-1.896144,0.548419,148.004,0.004422,999
920,48054,44060,frame_000920.jpg,0.981,0.01,-0.517,Lap1,-1.89625,0.547731,146.928,0.004287,999
921,48109,44115,frame_000921.jpg,0.981,0.248,-0.437,Lap1,-1.89816,0.546131,146.914,0.00424,999
922,48163,44169,frame_000922.jpg,0.981,0.319,-0.39,Lap1,-1.907831,0.538016,146.165,0.004234,999
923,48218,44224,frame_000923.jpg,0.981,0.319,-0.39,Lap1,-1.921075,0.525813,144.697,0.004238,999
924,48272,44279,frame_000924.jpg,0.981,0.341,-0.414,Lap1,-1.935973,0.511173,142.691,0.004535,999
925,48327,44333,frame_000925.jpg,0.981,0.112,-0.39,Lap1,-1.951417,0.494677,140.314,0.004609,999
926,48381,44387,frame_000926.jpg,0.981,0.102,-0.389,Lap1,-1.962553,0.481319,137.913,0.00442,999
927,48436,44442,frame_000927.jpg,0.981,0.031,-0.328,Lap1,-1.96961,0.4722,136.007,0.004284,999
928,48491,44497,frame_000928.jpg,0.981,0.031,-0.328,Lap1,-1.973925,0.466469,134.772,0.004332,999
929,48545,44551,frame_000929.jpg,0.981,0.009,-0.524,Lap1,-1.979249,0.459704,134.02,0.004483,999
930,48600,44606,frame_000930.jpg,0.981,0.179,-0.524,Lap1,-1.979796,0.457776,133.229,0.004598,999
931,48654,44660,frame_000931.jpg,0.981,0.179,-0.524,Lap1,-1.978771,0.458118,132.663,0.004681,999
932,48709,44715,frame_000932.jpg,0.981,0.299,-0.524,Lap1,-1.984929,0.449975,132.098,0.004795,999
933,48763,44769,frame_000933.jpg,0.981,0.335,-0.524,Lap1,-1.993066,0.436545,130.583,0.004795,999
934,48818,44824,frame_000934.jpg,0.981,0.335,-0.524,Lap1,-2.002575,0.419522,128.314,0.004656,999
935,48872,44878,frame_000935.jpg,0.981,0.345,-0.524,Lap1,-2.012164,0.40029,125.57,0.00447,999
936,48927,44933,frame_000936.jpg,0.981,0.114,-0.524,Lap1,-2.021269,0.379357,122.497,0.004753,999
937,48981,44988,frame_000937.jpg,0.981,0.104,-0.524,Lap1,-2.026666,0.363183,119.437,0.004444,999
938,49036,45042,frame_000938.jpg,0.981,0.031,-0.524,Lap1,-2.029597,0.352372,116.979,0.004384,999
939,49091,45097,frame_000939.jpg,0.981,0.031,-0.524,Lap1,-2.029883,0.349113,115.135,0.004375,999
940,49145,45151,frame_000940.jpg,0.981,0.009,-0.524,Lap1,-2.031956,0.34413,114.252,0.004307,999
941,49200,45206,frame_000941.jpg,0.981,0.248,-0.524,Lap1,-2.031327,0.343825,113.698,0.004292,999
942,49254,45260,frame_000942.jpg,0.981,0.248,-0.524,Lap1,-2.033809,0.335405,113.157,0.004291,999
943,49309,45315,frame_000943.jpg,0.981,0.319,-0.524,Lap1,-2.036959,0.320701,111.663,0.004294,999
944,49363,45369,frame_000944.jpg,0.981,0.341,-0.524,Lap1,-2.04008,0.301873,109.378,0.004297,999
945,49418,45424,frame_000945.jpg,0.981,0.15,-0.524,Lap1,-2.042612,0.280656,106.578,0.00438,999
946,49472,45478,frame_000946.jpg,0.981,0.102,-0.524,Lap1,-2.043362,0.263139,103.58,0.004905,999
947,49527,45533,frame_000947.jpg,0.981,0.031,-0.524,Lap1,-2.043178,0.251889,101.083,0.004903,999
948,49581,45587,frame_000948.jpg,0.981,0.031,-0.524,Lap1,-2.042492,0.24706,99.063,0.004759,999
949,49636,45642,frame_000949.jpg,0.981,0.009,-0.524,Lap1,-2.04238,0.243316,97.389,0.00462,999
950,49690,45697,frame_000950.jpg,0.981,0.2,-0.524,Lap1,-2.042623,0.239909,96.625,0.004465,999
951,49745,45751,frame_000951.jpg,0.981,0.248,-0.524,Lap1,-2.041211,0.243951,96.103,0.004418,999
952,49800,45806,frame_000952.jpg,0.981,0.319,-0.524,Lap1,-2.041536,0.233057,95.657,0.0044,999
953,49854,45860,frame_000953.jpg,0.981,0.337,-0.524,Lap1,-2.039836,0.216385,94.034,0.004391,999
954,49909,45915,frame_000954.jpg,0.981,0.341,-0.524,Lap1,-2.036975,0.196694,91.617,0.004385,999
955,49963,45969,frame_000955.jpg,0.981,0.102,-0.524,Lap1,-2.0328,0.176251,88.709,0.004617,999
956,50018,46024,frame_000956.jpg,0.981,0.102,-0.524,Lap1,-2.028939,0.162858,85.914,0.005017,999
957,50072,46078,frame_000957.jpg,0.981,0.031,-0.524,Lap1,-2.026066,0.154725,83.806,0.00501,999
958,50127,46133,frame_000958.jpg,0.981,0.009,-0.524,Lap1,-2.024117,0.147366,81.509,0.005037,999
959,50182,46188,frame_000959.jpg,0.981,0.009,-0.524,Lap1,-2.022237,0.144452,79.645,0.005143,999
960,50236,46242,frame_000960.jpg,0.981,0.248,-0.524,Lap1,-2.020645,0.139565,78.562,0.005235,999
961,50291,46297,frame_000961.jpg,0.981,0.319,-0.524,Lap1,-2.016229,0.127209,77.567,0.0053,999
962,50345,46351,frame_000962.jpg,0.981,0.319,-0.524,Lap1,-2.009377,0.1111,75.831,0.005198,999
963,50400,46406,frame_000963.jpg,0.981,0.341,-0.524,Lap1,-2.000649,0.092798,73.49,0.004999,999
964,50454,46460,frame_000964.jpg,0.981,0.15,-0.524,Lap1,-1.990257,0.07331,70.764,0.004815,999
965,50509,46515,frame_000965.jpg,0.981,0.102,-0.524,Lap1,-1.987982,0.063138,67.864,0.004811,999
966,50563,46569,frame_000966.jpg,0.981,0.031,-0.524,Lap1,-2.00591,0.072483,66.293,0.005372,999
967,50618,46624,frame_000967.jpg,0.981,0.031,-0.524,Lap1,-2.010438,0.078069,66.894,0.005629,999
968,50672,46679,frame_000968.jpg,0.981,0.009,-0.524,Lap1,-2.011487,0.078782,67.866,0.004673,999
969,50727,46733,frame_000969.jpg,0.981,0.248,-0.524,Lap1,-2.012084,0.080343,68.304,0.00383,999
970,50782,46788,frame_000970.jpg,0.981,0.305,-0.524,Lap1,-2.007373,0.071432,68.061,0.003569,999
971,50836,46842,frame_000971.jpg,0.981,0.319,-0.524,Lap1,-1.99899,0.058645,66.626,0.003545,999
972,50891,46897,frame_000972.jpg,0.981,0.341,-0.524,Lap1,-1.9893,0.043646,64.314,0.003592,999
973,50945,46951,frame_000973.jpg,0.981,0.112,-0.524,Lap1,-2.003487,0.040964,60.935,0.004231,999
974,51000,47006,frame_000974.jpg,0.981,0.102,-0.524,Lap1,-2.016613,0.04507,58.819,0.005981,999
975,51054,47060,frame_000975.jpg,0.981,0.031,-0.524,Lap1,-2.016343,0.044297,58.573,0.005706,999
976,51109,47115,frame_000976.jpg,0.981,0.009,-0.524,Lap1,-2.012623,0.038938,58.812,0.004746,999
977,51163,47169,frame_000977.jpg,0.981,0.009,-0.524,Lap1,-2.012514,0.039377,58.36,0.003572,999
978,51218,47224,frame_000978.jpg,0.98,0.248,-0.524,Lap1,-2.010398,0.036729,57.655,0.003305,999
979,51272,47278,frame_000979.jpg,0.98,0.316,-0.524,Lap1,-2.003922,0.028495,58.165,0.003297,999
980,51327,47333,frame_000980.jpg,0.98,0.319,-0.524,Lap1,-2.001647,0.017294,56.474,0.003367,999
981,51381,47388,frame_000981.jpg,0.98,0.341,-0.524,Lap1,-2.015042,0.01145,53.342,0.003461,999
982,51436,47442,frame_000982.jpg,0.98,0.102,-0.524,Lap1,-2.011788,0.007303,53.111,0.005301,999
983,51491,47497,frame_000983.jpg,0.98,0.045,-0.524,Lap1,-2.005089,0.001139,52.243,0.005577,999
984,51545,47551,frame_000984.jpg,0.98,0.031,-0.524,Lap1,-1.999012,-0.004061,51.36,0.004706,999
985,51600,47606,frame_000985.jpg,0.98,0.009,-0.524,Lap1,-2.000193,-0.001904,51.194,0.00392,999
986,51654,47660,frame_000986.jpg,0.98,0.238,-0.524,Lap1,-2.008999,0.000395,50.602,0.003833,999
987,51709,47715,frame_000987.jpg,0.98,0.248,-0.524,Lap1,-2.009451,-0.000412,51.415,0.003868,999
988,51763,47770,frame_000988.jpg,0.98,0.319,-0.524,Lap1,-2.003918,-0.005777,50.896,0.004238,999
989,51818,47824,frame_000989.jpg,0.98,0.319,-0.524,Lap1,-1.991181,-0.016649,49.725,0.00482,999
990,51872,47878,frame_000990.jpg,0.98,0.341,-0.524,Lap1,-2.000973,-0.025216,47.372,0.005291,999
991,51927,47933,frame_000991.jpg,0.98,0.15,-0.524,Lap1,-2.006901,-0.029984,46.347,0.006836,999
992,51982,47988,frame_000992.jpg,0.98,0.102,-0.524,Lap1,-1.996471,-0.038978,46.4,0.005489,999
993,52036,48042,frame_000993.jpg,0.98,0.031,-0.524,Lap1,-2.002649,-0.046317,45.091,0.004363,999
994,52090,48097,frame_000994.jpg,0.98,0.01,-0.524,Lap1,-2.014657,-0.043441,44.489,0.004557,999
995,52145,48151,frame_000995.jpg,0.98,0.009,-0.524,Lap1,-2.015616,-0.043359,44.944,0.004635,999
996,52200,48206,frame_000996.jpg,0.98,0.248,-0.524,Lap1,-2.014896,-0.043824,44.002,0.004478,999
997,52254,48260,frame_000997.jpg,0.98,0.318,-0.524,Lap1,-2.00955,-0.048058,44.017,0.004344,999
998,52309,48315,frame_000998.jpg,0.98,0.319,-0.524,Lap1,-1.997439,-0.056434,42.768,0.004256,999
999,52363,48369,frame_000999.jpg,0.98,0.341,-0.524,Lap1,-1.988538,-0.069382,40.589,0.004367,999
1000,52418,48424,frame_001000.jpg,0.98,0.112,-0.524,Lap1,-1.99322,-0.083369,38.409,0.005588,999
1001,52472,48478,frame_001001.jpg,0.98,0.102,-0.524,Lap1,-1.983384,-0.089174,37.663,0.005859,999
1002,52527,48533,frame_001002.jpg,0.98,0.031,-0.524,Lap1,-1.975622,-0.092944,36.611,0.00447,999
1003,52582,48588,frame_001003.jpg,0.98,0.031,-0.524,Lap1,-1.97253,-0.102837,35.29,0.00381,999
1004,52636,48642,frame_001004.jpg,0.98,0.009,-0.524,Lap1,-1.985507,-0.113165,33.658,0.003924,999
1005,52690,48697,frame_001005.jpg,0.98,0.246,-0.524,Lap1,-1.983876,-0.114258,33.611,0.004722,999
1006,52745,48751,frame_001006.jpg,0.98,0.248,-0.524,Lap1,-1.977699,-0.117953,33.261,0.005039,999
1007,52800,48806,frame_001007.jpg,0.98,0.319,-0.524,Lap1,-1.964076,-0.123756,32.327,0.004849,999
1008,52854,48860,frame_001008.jpg,0.98,0.319,-0.524,Lap1,-1.946685,-0.130491,30.527,0.004445,999
1009,52909,48915,frame_001009.jpg,0.98,0.341,-0.524,Lap1,-1.927358,-0.136928,28.105,0.004184,999
1010,52963,48969,frame_001010.jpg,0.98,0.112,-0.524,Lap1,-1.906308,-0.14282,25.282,0.004237,999
1011,53018,49024,frame_001011.jpg,0.98,0.102,-0.524,Lap1,-1.889992,-0.145861,22.335,0.004311,999
1012,53072,49078,frame_001012.jpg,0.98,0.031,-0.524,Lap1,-1.879171,-0.147312,19.944,0.004377,999
1013,53127,49133,frame_001013.jpg,0.98,0.031,-0.524,Lap1,-1.876349,-0.146912,18.086,0.004353,999
1014,53182,49188,frame_001014.jpg,0.98,0.009,0.064,Lap1,-1.870737,-0.148874,17.436,0.004358,999
1015,53236,49242,frame_001015.jpg,0.98,0.246,0.376,Lap1,-1.869269,-0.149507,17.316,0.004315,999
1016,53290,49296,frame_001016.jpg,0.98,0.248,0.379,Lap1,-1.862669,-0.15236,17.554,0.004305,999
1017,53345,49351,frame_001017.jpg,0.98,0.319,0.524,Lap1,-1.849545,-0.159275,18.772,0.004305,999
1018,53399,49406,frame_001018.jpg,0.98,0.341,0.524,Lap1,-1.833381,-0.16893,20.954,0.004398,999
1019,53454,49460,frame_001019.jpg,0.98,0.341,0.524,Lap1,-1.815465,-0.180591,23.716,0.004667,999
1020,53509,49515,frame_001020.jpg,0.98,0.102,0.429,Lap1,-1.800475,-0.191251,26.527,0.004605,999
1021,53563,49569,frame_001021.jpg,0.98,0.032,0.362,Lap1,-1.790985,-0.198677,28.736,0.004439,999
1022,53618,49624,frame_001022.jpg,0.98,0.031,0.361,Lap1,-1.785222,-0.203274,30.257,0.004414,999
1023,53672,49678,frame_001023.jpg,0.98,0.009,0.524,Lap1,-1.782906,-0.205268,30.319,0.004542,999
1024,53727,49733,frame_001024.jpg,0.98,0.238,0.524,Lap1,-1.783267,-0.205343,29.887,0.004692,999
1025,53782,49788,frame_001025.jpg,0.98,0.248,0.524,Lap1,-1.779408,-0.208812,30.234,0.004786,999
1026,53836,49842,frame_001026.jpg,0.98,0.319,0.524,Lap1,-1.770268,-0.215616,30.945,0.004805,999
1027,53891,49897,frame_001027.jpg,0.98,0.319,0.524,Lap1,-1.757266,-0.227234,32.703,0.004733,999
1028,53945,49951,frame_001028.jpg,0.98,0.341,0.524,Lap1,-1.742727,-0.241412,35.16,0.004581,999
1029,53999,50006,frame_001029.jpg,0.98,0.104,0.524,Lap1,-1.727686,-0.257615,38.052,0.004416,999
1030,54054,50060,frame_001030.jpg,0.98,0.102,0.524,Lap1,-1.716998,-0.271287,41.07,0.004271,999
1031,54109,50115,frame_001031.jpg,0.98,0.031,0.524,Lap1,-1.710832,-0.280287,43.527,0.004223,999
1032,54163,50169,frame_001032.jpg,0.98,0.404,0.321,Lap1,-1.70894,-0.284167,45.594,0.004198,999
1033,54218,50224,frame_001033.jpg,0.98,0.497,0.27,Lap1,-1.698999,-0.295706,46.35,0.004396,999
1034,54272,50279,frame_001034.jpg,0.98,0.67,0.075,Lap1,-1.680301,-0.317787,47.465,0.004546,999
1035,54327,50333,frame_001035.jpg,0.98,0.595,0.216,Lap1,-1.653578,-0.348484,48.45,0.005879,999
1036,54381,50388,frame_001036.jpg,0.98,0.592,0.222,Lap1,-1.625087,-0.384348,49.766,0.005193,999
1037,54436,50442,frame_001037.jpg,0.979,0.677,0.104,Lap1,-1.597622,-0.42042,51.193,0.005727,999
1038,54491,50497,frame_001038.jpg,0.979,0.0,-0.0,Finish,-1.549297,-0.482352,52.651,0.005386,999
